0	S0008_IN	S0008_RIP	S0009_IN	S0009_RIP	S0014_IN	S0014_RIP	S0017_IN	S0017_RIP	S0025_IN	S0025_RIP	S0026_IN	S0026_RIP	S0030_IN	S0030_RIP	S0042_IN	S0042_RIP	S0057_IN	S0057_RIP	S0085_IN	S0085_RIP	COV00075_IN	COV00075_RIP	COV00079_IN	COV00079_RIP	COV00084_IN	COV00084_RIP	COV00087_IN	COV00087_RIP	COV00093_IN	COV00093_RIP	COV00106_IN	COV00106_RIP	COV00397_IN	COV00397_RIP	COV00413_IN	COV00413_RIP	COV00417_IN	COV00417_RIP	COV00419_IN	COV00419_RIP	COV00422_IN	COV00422_RIP	COV00432_IN	COV00432_RIP
S_peak	2116	417	279	5238	14600	19621	2339	507	117	989	1573	17407	498	4430	366	2410	322	2923	9084	135398	2792	13434	15	110	1315	4935	56	53	4369	9538	7178	5049	3341	4625	10329	3193	71	700	2191	1087	487	10745	12235	8539
S_peak_2	2036	419	266	1282	12231	6362	2347	507	129	1214	1204	6046	458	3988	364	2488	321	105	8370	37171	2689	8721	4	112	1285	4171	68	59	4095	5011	6173	2459	2994	4045	8963	2990	75	730	1798	1096	469	5109	10931	5209
S_peak_3	1617	418	149	1276	4563	528	2524	764	106	956	418	2628	256	1177	353	2515	345	107	2724	12399	1687	5435	4	98	1184	4505	54	70	2516	4734	3994	2098	2956	4251	9250	3382	75	785	2088	1196	352	5200	9881	5004
S_peak_4	2301	417	354	2698	16564	13582	2321	507	137	915	1777	13586	558	4477	362	2409	324	5672	10826	99081	3304	9492	12	106	1485	4550	62	59	5335	6736	9145	3640	4001	4396	15422	3048	77	692	3036	1069	597	6989	16301	6489
S_peak_5	1607	417	112	1284	4833	1807	2271	507	109	930	407	1471	266	690	347	2424	319	102	2785	9544	1508	3722	6	97	972	4021	40	48	2037	3466	3284	1487	2279	3637	5480	2919	70	703	1378	943	295	2842	6700	4026
S_peak_6	1727	417	157	1278	7961	1370	2286	507	132	934	668	477	302	1120	347	2424	320	102	4921	6357	1739	3299	6	97	1057	4111	46	55	2285	3230	3669	1427	2407	3678	6359	2953	70	711	1399	954	325	2707	7479	4028
S_peak_7	3026	420	479	1283	25657	6992	2393	507	183	1215	2915	7813	787	4503	382	2488	326	105	18553	55432	4683	10109	6	112	1732	4190	98	62	7242	5467	11047	2636	4780	4169	22103	3079	82	742	3880	1247	731	5503	18064	5388
S_peak_8	1635	419	164	1278	6257	168	2358	509	128	941	585	1086	291	741	359	2492	319	107	3609	6864	2148	3787	12	101	1225	4192	49	54	3429	3687	5402	1809	2996	3755	9061	2994	79	736	2017	1021	421	3502	10329	4041
S_peak_9	1769	419	150	1277	6140	421	2542	764	100	952	505	1638	290	626	353	2511	343	107	4597	9992	2108	4487	9	103	1268	4699	49	64	3094	3888	4970	1700	3375	4070	13664	3314	75	774	2324	1126	404	3189	13874	4726
S_peak_10	1755	418	185	1281	6380	537	2532	764	112	957	615	3046	299	1672	355	2515	345	107	4486	16171	2136	5853	5	103	1325	4505	62	72	3335	4991	5285	2206	3550	4340	12006	3412	78	786	2595	1224	417	5472	12945	5041
S_peak_11	1428	416	144	1288	4512	1174	2222	507	101	910	438	674	258	934	342	2386	314	101	2921	5422	1626	3125	6	101	1016	3846	42	50	2059	3146	3543	1360	2424	3478	7494	2795	61	668	1543	915	304	2583	7369	3951
S_peak_12	1826	417	200	3750	9445	11053	2303	507	105	915	993	11006	382	2521	355	2409	320	2922	5754	87078	2089	9564	11	108	1150	4602	48	50	3110	7398	5090	3501	2762	4220	8271	3078	70	692	1669	1015	382	8256	9236	7259
S_peak_13	1450	416	122	1288	4089	1171	2224	507	99	910	361	747	232	577	341	2389	314	101	2327	6537	1536	3126	7	101	979	3869	42	50	2012	3164	3293	1399	2285	3473	6072	2789	60	670	1381	932	296	2610	6792	4000
S_peak_14	1432	416	95	1287	3313	1190	2237	507	99	910	274	810	241	934	341	2398	314	100	1810	3939	1446	3337	4	101	973	3887	40	49	1978	3230	3320	1471	2208	3556	5145	2847	63	676	1240	930	294	2733	6779	3861
S_peak_15	1784	417	185	2186	9140	7008	2291	507	110	911	936	7758	369	2019	359	2407	320	2887	5578	60935	2277	7759	6	104	1196	4370	45	54	3372	5928	5586	3187	2953	4158	8574	2990	72	689	1806	1010	442	6075	10899	5952
S_peak_16	1673	417	128	2364	5695	4133	2275	507	109	1004	500	2409	285	1370	348	2424	319	102	3353	14556	1658	4442	8	97	1007	4082	41	48	2349	3792	3751	1688	2444	3666	6097	2957	70	706	1562	966	318	3195	7359	4146
S_peak_17	1610	417	135	1278	6321	1370	2284	507	131	934	531	456	281	641	347	2424	320	102	3777	4058	1611	3179	6	97	1015	4108	46	55	2076	3216	3334	1425	2317	3656	5774	2936	70	705	1303	951	302	2686	6988	3927
S_peak_18	1549	419	129	1278	5414	161	2347	508	114	939	478	1082	276	739	359	2492	319	105	2954	6695	1594	3609	5	99	1083	4133	39	52	2447	3609	3706	1678	2362	3699	4650	2954	75	726	1195	975	342	3414	7474	4022
S_peak_19	1443	419	97	1277	2942	165	2351	509	106	941	231	492	229	507	350	2492	319	107	1521	2118	1522	3138	7	99	1025	4189	42	53	1940	3246	3122	1583	2370	3693	6147	2987	73	736	1431	984	309	2712	6992	3987
S_peak_20	2104	417	274	5238	14207	19618	2337	507	117	989	1536	17403	492	4222	365	2410	322	2922	8793	134622	2738	13215	15	110	1304	4930	55	53	4287	9479	7039	5009	3316	4591	10188	3182	71	696	2159	1070	478	10646	12000	8539
S_peak_21	1668	419	165	1280	6553	3754	2330	507	114	1214	662	3828	323	2518	353	2434	320	102	4359	22974	1899	6561	3	104	1127	4156	56	55	2784	4340	4240	2018	2437	3877	5522	2954	71	721	1301	1063	369	4226	8125	4494
S_peak_22	1617	418	151	1276	4681	528	2524	764	109	957	429	2777	257	1668	353	2515	345	107	2823	12643	1703	5481	4	100	1202	4505	58	70	2572	4797	4082	2163	2986	4251	9457	3382	75	786	2124	1208	358	5388	10036	5004
S_peak_23	1958	417	246	4158	12329	15209	2332	507	110	915	1325	14409	447	3123	362	2409	322	2922	7417	118035	2364	11498	10	110	1232	4826	53	52	3605	8757	5857	4775	2950	4481	8649	3115	71	693	1730	1038	429	9899	10412	8197
S_peak_24	1664	419	193	1282	7971	2865	2334	507	115	1083	801	3884	362	2252	361	2488	321	105	5335	24681	2172	6867	3	107	1165	4152	59	54	3104	4387	4684	2286	2634	3897	5985	2963	72	728	1465	1040	380	4431	8774	4936
S_peak_25	1969	417	247	4158	12560	15673	2332	507	111	915	1351	15201	450	3421	362	2409	322	2922	7620	122017	2435	11704	10	110	1246	4826	53	53	3671	8877	6028	4811	2985	4496	8716	3115	71	693	1748	1042	437	10156	10643	8199
S_peak_26	1890	419	206	1280	9370	5163	2340	507	120	1214	937	5109	386	2807	356	2434	320	105	6429	28924	2216	7289	3	106	1194	4156	59	56	3378	4620	5065	2082	2697	3958	7577	2960	73	723	1547	1075	422	4442	9384	4728
S_peak_27	1425	416	142	1288	4396	1171	2221	507	101	910	410	633	244	936	341	2386	314	101	2733	5395	1587	3148	7	101	984	3852	42	51	2073	3159	3494	1388	2349	3479	6725	2789	61	668	1480	931	305	2604	7001	3997
S_peak_28	1843	417	207	4156	10323	13671	2332	507	105	915	1079	12177	407	2878	355	2409	320	2922	6184	96354	2136	10199	10	110	1180	4728	52	51	3188	8024	5217	4117	2773	4374	8090	3094	70	693	1610	1021	390	9309	9445	7585
S_peak_29	1840	417	223	1290	8933	3126	2277	507	121	911	907	2956	374	2184	342	2402	320	2888	6049	17249	2661	5002	8	101	1306	3984	51	56	4114	3822	7071	1732	3468	3884	13031	2904	75	688	2653	1008	494	3320	13396	4349
S_peak_30	2243	417	295	5237	15357	18282	2349	507	126	1004	1617	16485	518	3790	359	2424	321	2922	9484	130316	2772	12814	16	110	1313	4937	56	52	4506	9347	7367	4829	3406	4577	10865	3192	71	711	2335	1055	488	10417	12249	8409
S_peak_31	2012	418	192	1280	11056	1491	2336	507	145	934	1092	1455	376	1155	349	2424	321	102	7090	14652	2080	3916	6	100	1145	4116	51	58	2927	3424	4719	1525	2733	3716	9241	2980	72	718	1771	979	387	2801	8950	4072
S_peak_32	1916	419	181	1279	9138	4163	2335	507	119	1067	943	3413	363	1936	349	2428	321	102	5957	19842	1970	4943	5	102	1137	4102	48	59	2795	3920	4442	1641	2675	3825	8788	2974	73	717	1618	1001	385	3390	8743	4247
S_peak_33	1719	419	202	1282	8883	2865	2347	507	125	1083	899	3940	382	2252	368	2488	322	105	6071	25317	2337	6962	3	107	1188	4155	63	54	3303	4416	4956	2293	2715	3901	6636	2969	73	731	1557	1043	393	4431	9186	4940
S_peak_34	1978	419	214	1278	10935	169	2351	507	128	937	1156	931	431	634	373	2491	320	105	7522	7650	2671	3668	6	99	1313	4134	57	52	4062	3571	6054	1582	3389	3687	13677	2999	74	724	2600	1090	463	3230	11068	4099
S_peak_35	1466	419	111	1278	3729	166	2351	509	108	941	330	749	243	508	350	2492	319	107	2055	3103	1637	3346	7	99	1072	4191	43	53	2272	3394	3585	1686	2500	3721	6278	2988	75	736	1510	985	343	3074	7599	3991
S_peak_36	1888	419	183	1278	7611	427	2553	764	104	952	668	1728	327	626	355	2511	343	107	6121	12771	2508	4771	10	103	1386	4701	54	67	3779	4052	6012	1759	3839	4155	15712	3342	78	776	2728	1144	454	3212	16149	4766
S_peak_37	1606	418	138	1276	4233	525	2524	764	104	956	386	2327	253	1020	353	2515	345	107	2526	11201	1639	5193	4	98	1161	4488	53	69	2412	4544	3816	2047	2895	4214	8850	3382	75	785	1998	1155	344	4961	9572	4844
S_peak_38	1687	419	173	1280	6892	3754	2335	507	115	1214	699	4309	339	2576	353	2434	320	105	4664	25477	1974	6713	3	104	1138	4156	56	56	2929	4397	4425	2073	2512	3899	5852	2956	71	721	1343	1063	387	4311	8368	4540
S_peak_39	2003	417	255	5237	12765	17534	2336	507	114	951	1368	15256	458	3799	365	2410	322	2922	7728	122953	2436	11988	12	110	1249	4902	53	52	3809	8969	6228	4861	3039	4486	9127	3130	71	693	1873	1043	443	10128	10860	8287
S_peak_40	2007	419	254	1282	11916	5163	2343	507	127	1214	1175	5600	448	3679	364	2488	321	105	8152	36977	2590	8443	3	111	1271	4177	69	56	3966	4949	5930	2408	2955	4038	8461	2969	74	730	1758	1090	457	4966	10576	5209
S_peak_41	1536	419	120	1278	4939	161	2347	508	106	936	434	1021	266	739	359	2492	319	105	2658	6687	1536	3545	5	99	1056	4133	38	52	2275	3551	3463	1660	2312	3690	4427	2949	75	722	1152	973	326	3379	7177	4021
S_peak_42	1606	418	138	1276	4233	525	2524	764	104	956	386	2327	253	1020	353	2515	345	107	2526	11201	1639	5193	4	98	1161	4488	53	69	2412	4544	3816	2047	2895	4214	8850	3382	75	785	1998	1155	344	4961	9572	4844
S_peak_43	1890	417	231	4157	11405	14329	2332	507	107	915	1215	14073	430	2986	355	2409	320	2922	6845	114492	2235	10958	10	110	1208	4823	52	52	3393	8533	5528	4546	2876	4429	8370	3104	70	693	1659	1022	406	9800	9900	7989
S_peak_44	1623	419	183	1281	7204	2864	2334	507	110	1083	705	3715	342	2239	358	2488	321	105	4684	21961	2036	6322	3	107	1126	4148	58	54	2873	4261	4356	2127	2569	3867	5810	2958	72	726	1425	1029	358	4164	8296	4905
S_peak_45	1512	416	161	1288	5196	1177	2225	507	102	910	520	925	277	940	342	2391	314	101	3333	6622	1741	3233	7	101	1051	3869	44	51	2342	3183	3979	1432	2548	3483	8323	2797	61	670	1734	932	324	2632	8115	4004
S_peak_46	1848	417	196	2184	9376	6685	2297	507	116	911	939	6690	383	2415	349	2402	322	2887	5774	49771	2479	7335	5	105	1241	4322	49	55	3837	5556	6439	3127	3152	4185	9432	2968	72	691	2053	1011	477	5593	12187	5619
S_peak_47	1904	417	197	3931	9400	8666	2311	507	115	1004	974	7652	373	1615	350	2424	319	2922	5629	62523	2232	8670	12	104	1153	4369	47	49	3405	6586	5502	3171	2918	4140	8579	3064	70	709	1983	1013	400	6794	9713	6365
S_peak_48	1682	417	146	1278	7138	1368	2286	507	130	934	587	476	288	1117	347	2424	320	102	4338	5903	1643	3294	6	97	1040	4111	46	55	2129	3230	3393	1427	2351	3678	5932	2953	69	711	1321	954	318	2707	7185	4028
S_peak_49	1655	419	160	1280	6205	2863	2330	507	113	1214	606	4196	316	2576	350	2434	319	102	4093	21852	1819	6195	3	104	1097	4143	53	55	2654	4250	4033	2021	2421	3877	5555	2941	71	721	1275	1024	362	4126	7887	4495
S_peak_50	1680	420	155	1281	7292	1052	2344	507	116	936	692	1618	338	1438	364	2488	322	105	4752	15748	2060	4899	3	104	1114	4147	57	53	2705	3782	4172	1902	2616	3753	6898	2964	72	731	1559	1073	353	3421	8119	4626
S_peak_51	1897	419	227	1279	9237	690	2552	764	131	952	868	2144	347	1018	362	2509	343	107	6144	13444	3009	4917	17	105	1521	4748	61	66	5091	4228	8057	2010	4525	4133	19739	3311	88	774	3446	1159	558	3981	21359	4566
S_peak_52	1757	418	189	1281	6451	537	2532	764	113	957	623	3046	302	1672	355	2515	345	107	4545	16171	2143	5868	5	103	1335	4505	63	73	3350	4996	5320	2231	3561	4340	12044	3412	78	786	2604	1224	418	5472	13016	5041
S_peak_53	1481	417	108	1289	4129	744	2255	507	101	911	333	1032	262	768	341	2402	318	2735	2387	7237	1747	3954	3	101	1047	3982	38	51	2458	3420	4107	1517	2580	3682	7340	2891	71	688	1546	965	365	2797	8703	4017
S_peak_54	1793	417	194	2678	9081	12968	2299	507	101	915	962	10957	373	2732	354	2409	320	2922	5461	86795	1911	8585	9	108	1114	4597	48	50	2786	7072	4488	3437	2570	4145	7336	3058	70	689	1456	990	362	7979	8520	6953
S_peak_55	1448	419	100	1277	2975	416	2365	509	103	941	256	800	225	639	350	2496	319	107	1599	3578	1937	3451	8	101	1158	4363	49	58	2820	3382	4492	1579	3257	3768	13227	3026	80	738	2340	1046	373	2841	13301	4150
S_peak_56	1954	417	246	4158	12147	15207	2332	507	110	915	1302	14370	446	3123	362	2409	322	2922	7302	118029	2350	11452	10	110	1231	4826	53	52	3595	8751	5844	4775	2947	4457	8629	3115	71	693	1728	1038	428	9875	10384	8197
S_peak_57	1817	419	182	1280	8293	4272	2332	507	117	1208	794	4482	358	2688	352	2428	319	102	5560	22899	1995	6405	3	105	1128	4143	54	55	2922	4288	4374	1903	2515	3924	6896	2943	73	723	1398	1022	386	4036	8559	4558
S_peak_58	1506	416	156	1288	5138	1175	2225	507	102	910	512	924	276	938	342	2389	314	101	3288	6611	1729	3198	7	101	1046	3869	44	51	2299	3179	3918	1422	2526	3483	8195	2795	61	670	1703	932	320	2613	7980	4001
S_peak_59	1921	417	211	2186	10374	7559	2302	507	116	911	1070	7879	409	2434	358	2403	322	2887	6488	58940	2545	7844	6	106	1275	4366	49	55	3999	5907	6737	3261	3227	4232	10098	2989	72	691	2121	1022	488	6141	12571	5951
S_peak_60	3016	420	406	3442	24194	13964	2410	507	189	1141	2555	9558	657	3569	353	2428	325	102	16085	76600	3706	9836	15	109	1545	4306	69	67	5983	6400	9723	2951	4198	4290	17880	3179	77	730	3299	1079	644	5825	15851	5500
S_peak_61	1994	420	217	1278	11013	166	2345	507	128	937	1160	694	433	576	367	2488	321	105	7767	6804	2748	3523	5	99	1262	4127	61	52	3873	3482	5835	1521	3403	3669	14640	3009	74	724	2716	1091	451	2931	10780	4099
S_peak_62	1668	419	187	1278	6857	683	2374	509	122	941	674	1667	300	760	356	2496	319	107	4067	8937	2609	4080	15	103	1353	4365	55	58	4330	3802	6816	1908	4105	3834	17009	3037	87	738	3012	1065	487	3602	19342	4277
S_peak_63	1815	418	201	1281	6908	537	2532	764	113	957	660	3046	313	1672	355	2515	345	107	5099	17208	2233	5975	5	103	1370	4505	63	73	3511	5026	5636	2257	3665	4346	12971	3428	78	786	2738	1228	429	5482	13574	5206
S_peak_64	1485	416	155	1288	4978	1174	2225	507	101	910	496	924	264	937	342	2386	314	101	3169	5427	1706	3188	7	101	1035	3852	43	51	2230	3174	3825	1395	2503	3480	8045	2795	61	668	1665	932	316	2607	7812	3997
S_peak_65	1622	417	132	1290	5336	1708	2264	507	107	911	476	1168	291	1309	341	2402	319	102	3276	7688	1959	4194	4	101	1113	3982	43	52	2992	3517	5002	1596	2806	3780	8604	2891	69	688	1847	963	399	2918	10138	4051
S_peak_66	1741	417	144	2365	6508	4139	2279	507	112	1004	605	3930	301	1370	348	2424	319	102	3935	23156	1842	5381	10	98	1038	4096	42	48	2666	4239	4365	1765	2618	3745	6921	2969	70	709	1737	989	343	3372	8109	4487
S_peak_67	1783	419	179	1278	6889	687	2545	764	110	952	603	1913	299	784	353	2509	343	107	4865	9403	2733	4609	16	105	1421	4745	60	66	4267	3920	6950	1791	4305	4107	20202	3317	84	774	3348	1156	503	3289	19927	4615
S_peak_68	1720	419	150	1277	5777	166	2522	764	108	956	520	1527	292	1132	355	2515	344	107	4324	10349	1990	4532	6	103	1248	4431	54	67	2821	4170	4515	1795	3231	4116	10129	3331	77	779	2100	1158	375	3807	11237	4557
S_peak_69	1794	417	192	3750	9085	11050	2303	507	102	915	943	10644	373	2520	354	2409	320	2922	5498	82505	2012	9120	10	108	1137	4578	48	50	2937	7175	4783	3463	2686	4182	7823	3068	70	692	1551	1012	367	8223	8876	7092
S_peak_70	2019	417	271	1697	11916	7271	2308	507	129	911	1250	6418	440	2683	349	2402	322	2888	7829	48830	2978	7122	8	103	1394	4228	56	58	4682	5299	8024	3013	3705	4171	13646	2950	76	691	2792	1035	546	5086	14814	5393
S_peak_71	3565	420	605	4346	34842	22623	2440	507	224	1288	3736	19162	933	7778	379	2488	330	2925	23640	145427	5263	17574	20	121	1924	4784	102	71	8830	9750	13996	4772	5272	4912	22666	3320	81	744	4131	1254	858	10710	21607	8266
S_peak_72	2528	419	387	1279	18264	701	2564	764	155	953	1898	2676	570	1034	376	2509	344	107	13114	19107	4592	5597	20	105	1894	4754	86	66	7720	4576	11990	2051	6006	4183	31207	3383	90	776	5256	1291	770	4304	27252	4798
S_peak_73	1815	418	201	1281	6908	537	2532	764	113	957	660	3046	313	1672	355	2515	345	107	5099	17208	2233	5975	5	103	1370	4505	63	73	3511	5026	5636	2257	3665	4346	12971	3428	78	786	2738	1228	429	5482	13574	5206
S_peak_74	5889	421	1292	5254	67159	30993	2767	764	344	1310	7342	31602	1667	11660	419	2515	361	5713	48033	234123	11725	27777	45	136	3822	5863	200	107	20988	15470	33761	8007	12759	6624	69422	4048	117	816	12074	1847	1855	18212	61955	12452
S_peak_75	2085	417	273	5238	13831	19152	2339	507	116	989	1490	16285	487	3925	366	2410	322	2922	8487	129655	2655	12911	15	110	1290	4932	55	52	4194	9347	6859	4972	3275	4546	10108	3192	71	696	2133	1066	467	10365	11738	8465
S_peak_76	1643	419	159	1280	6256	2866	2333	507	112	1083	636	3826	317	2352	353	2434	320	105	4143	20303	1860	6225	3	104	1109	4156	53	54	2666	4207	4084	2009	2407	3866	5394	2954	71	721	1286	1063	362	4149	7922	4475
ORF3a_peak	1713	418	164	1493	5627	908	2562	764	111	955	526	2829	293	1822	359	2516	346	406	3604	10232	1750	5947	4	98	1199	4609	45	64	2686	4705	4442	2587	2879	4318	7477	3410	77	798	1931	1190	363	4854	9137	5107
ORF3a_peak_2	2318	421	274	1495	11197	925	2597	772	125	982	998	3514	430	1827	362	2624	349	410	7787	11847	2448	6334	4	98	1430	4699	53	64	4113	5003	6567	2641	3647	4488	13376	3466	83	806	2832	1235	474	4978	13877	5352
ORF3a_peak_3	1680	418	147	1383	4977	527	2524	764	111	955	466	2506	279	1729	359	2511	345	107	3096	8993	1652	5588	4	98	1151	4526	42	64	2414	4512	3983	2415	2688	4265	6629	3379	77	789	1758	1188	346	4653	8365	5032
ORF3a_peak_4	1662	421	119	1384	4490	539	2578	772	105	982	319	724	272	573	362	2624	347	410	2659	4705	1471	3833	2	98	1094	4583	41	61	1989	3809	2976	1681	2425	4110	6381	3396	74	803	1414	1102	300	3117	7198	4352
ORF3a_peak_5	1630	418	125	1383	3796	153	2547	764	106	955	318	1665	252	885	359	2514	345	404	2143	5662	1439	4458	3	98	1080	4586	39	62	1944	4043	3184	2003	2432	4122	4935	3368	75	793	1327	1090	304	3745	6998	4624
ORF3a_peak_6	1619	417	138	1382	4640	527	2523	764	109	955	421	2461	269	1728	359	2511	344	107	2828	8411	1610	5365	4	98	1141	4509	42	64	2321	4429	3806	2325	2632	4221	6376	3367	77	789	1687	1182	339	4508	8111	4900
ORF3a_peak_7	1604	417	127	1382	4321	152	2523	764	106	955	371	2458	258	1639	357	2511	344	107	2556	8349	1541	5094	4	98	1115	4509	41	64	2177	4321	3543	2220	2564	4184	6088	3366	75	789	1597	1173	325	4297	7660	4779
ORF3a_peak_8	1509	417	108	1272	3724	524	2514	764	103	955	315	1937	251	1326	357	2511	343	107	2179	5362	1471	4687	4	98	1084	4463	40	63	1974	4145	3177	2207	2430	4132	5900	3355	74	785	1525	1178	309	4024	7073	4554
ORF3a_peak_9	2242	421	240	1495	9608	549	2596	772	120	982	803	2029	391	980	362	2624	349	410	6487	8507	2166	4939	3	98	1323	4699	49	62	3447	4328	5405	1977	3248	4316	11141	3441	80	805	2275	1137	419	3856	11863	4888
ORF3a_peak_10	1669	418	140	1383	4190	154	2547	764	107	955	370	1899	263	1195	359	2514	345	404	2546	7019	1493	4923	3	98	1104	4546	40	62	2098	4145	3408	2185	2499	4198	5282	3366	76	793	1453	1099	316	4088	7449	4715
ORF3a_peak_11	2066	421	225	1495	8846	921	2584	772	120	982	789	3098	375	1825	362	2624	349	410	6048	11691	2129	6264	4	98	1328	4688	50	64	3503	4986	5540	2637	3307	4432	10852	3446	80	804	2448	1218	426	4960	11721	5352
ORF3a_peak_12	1574	421	110	1384	3766	535	2563	764	102	955	313	1085	258	570	362	2516	345	410	2184	5265	1453	4317	3	98	1088	4620	40	61	1948	3957	3076	1930	2471	4116	5644	3396	74	799	1412	1098	304	3422	6921	4609
ORF3a_peak_13	2318	421	274	1495	11197	925	2597	772	125	982	998	3514	430	1827	362	2624	349	410	7787	11847	2448	6334	4	98	1430	4699	53	64	4113	5003	6567	2641	3647	4488	13376	3466	83	806	2832	1235	474	4978	13877	5352
ORF3a_peak_14	1732	421	153	1494	5356	537	2569	764	111	955	436	1579	295	975	362	2518	348	410	3338	7822	1636	4772	3	98	1155	4652	44	62	2397	4202	3747	1936	2713	4170	7139	3403	76	802	1687	1099	339	3640	8334	4868
ORF3a_peak_15	1872	421	143	1271	5907	157	2596	772	109	982	443	875	299	486	362	2624	347	410	3733	2202	1687	3436	2	98	1149	4537	41	61	2256	3622	3490	1577	2513	4139	7332	3397	74	802	1505	1122	330	2966	8202	4119
ORF3a_peak_16	2318	421	274	1495	11197	925	2597	772	125	982	998	3514	430	1827	362	2624	349	410	7787	11847	2448	6334	4	98	1430	4699	53	64	4113	5003	6567	2641	3647	4488	13376	3466	83	806	2832	1235	474	4978	13877	5352
E_peak	2003	422	149	1271	6285	154	2628	772	131	982	554	672	323	612	366	2627	349	411	4336	3727	1903	3748	3	98	1233	4663	43	63	2833	3643	4329	1695	3176	4247	13558	3493	88	834	2253	1125	377	3132	11051	4248
E_peak_2	1859	421	125	1270	5106	152	2605	772	122	982	438	670	292	610	366	2627	347	410	3480	3560	1715	3666	2	98	1157	4547	43	61	2459	3577	3701	1683	2813	4164	10527	3416	82	804	1891	1104	344	3064	9120	4220
E_peak_3	1942	421	144	1271	5930	152	2616	772	129	982	524	671	313	611	366	2627	347	410	4054	3563	1829	3686	3	98	1201	4556	43	61	2705	3591	4178	1685	3060	4173	12832	3437	83	810	2151	1105	363	3068	10367	4226
E_peak_4	2003	422	149	1271	6285	154	2628	772	131	982	554	672	323	612	366	2627	349	411	4336	3727	1903	3748	3	98	1233	4663	43	63	2833	3643	4329	1695	3176	4247	13558	3493	88	834	2253	1125	377	3132	11051	4248
E_peak_5	1924	421	142	1271	5755	152	2608	772	127	982	494	671	308	611	366	2627	347	410	3863	3562	1808	3679	3	98	1189	4550	43	61	2644	3579	4061	1683	2991	4164	12372	3425	82	810	2083	1105	358	3064	10032	4224
E_peak_6	2003	422	149	1271	6285	154	2628	772	131	982	554	672	323	612	366	2627	349	411	4336	3727	1903	3748	3	98	1233	4663	43	63	2833	3643	4329	1695	3176	4247	13558	3493	88	834	2253	1125	377	3132	11051	4248
M_peak	2013	423	144	1271	5799	616	2683	789	127	986	506	912	324	1373	366	2634	360	411	3932	3760	1840	3917	5	102	1216	4874	42	64	2719	3882	4367	1805	3230	4363	12748	3563	92	850	2229	1147	375	3174	11196	4261
M_peak_2	2127	423	166	1271	7318	134	2729	790	122	997	452	2286	347	1129	388	2837	367	411	4866	6917	2036	4254	5	105	1259	4909	47	64	3050	4346	4560	1952	3335	4583	8291	3610	78	858	2373	1227	388	3493	11726	4476
M_peak_3	2121	421	145	1271	6939	823	2726	790	118	994	480	449	349	926	388	2837	367	411	4627	5718	2100	3675	6	106	1293	4853	47	64	2837	3990	4428	1923	3317	4419	12317	3618	79	857	2338	1212	374	3270	11686	4263
M_peak_4	1995	423	142	1271	5660	611	2683	789	127	986	483	862	317	1371	366	2634	360	411	3825	3660	1803	3806	5	102	1178	4874	40	63	2552	3810	4096	1805	3081	4348	11968	3562	88	850	2078	1145	364	3174	10436	4261
M_peak_5	1821	423	123	1271	4798	615	2697	789	115	992	387	1730	307	1052	372	2830	364	411	2948	7662	2115	4625	7	106	1351	4920	53	63	3499	4482	5391	2036	3484	4641	8544	3557	89	855	2323	1162	441	3454	13693	4585
M_peak_6	2504	423	224	1271	9392	1086	2713	789	134	992	852	2290	434	1976	390	2836	364	411	6648	10497	3023	5434	13	107	1624	5026	71	66	5593	4751	8805	2382	5077	4782	18699	3622	106	856	3968	1182	616	3593	22146	4938
M_peak_7	2433	423	208	1271	8876	1086	2713	789	132	992	804	2215	421	1967	376	2830	364	411	6266	10084	2906	5285	12	107	1597	5024	65	66	5313	4659	8345	2382	4856	4769	17906	3592	106	855	3708	1180	588	3580	21014	4936
M_peak_8	2260	423	182	1271	7418	1082	2708	789	128	989	700	1339	384	1757	376	2727	364	411	5164	5540	2556	4681	10	106	1451	4958	55	64	4330	4422	6967	2093	4312	4631	16652	3581	102	854	3250	1158	518	3378	17658	4651
M_peak_9	2872	423	245	1271	12359	1502	2756	790	132	997	869	2980	488	1676	388	2837	368	411	8703	14042	3121	5113	12	107	1642	4948	71	65	5388	4841	8182	2394	5080	4745	18154	3655	87	861	4160	1313	576	3711	21195	4746
M_peak_10	3684	423	371	1271	18042	2439	2778	790	151	997	1490	4211	672	2976	392	2837	368	411	13275	17941	4513	6382	20	108	2068	5106	90	68	8608	5527	13331	3004	7427	5077	31394	3690	120	861	6554	1334	852	3990	34266	5265
ORF6_peak	2284	421	161	3381	8211	139	2715	790	128	998	666	832	416	871	390	2844	369	413	6156	3246	2507	3608	7	107	1362	4861	53	65	3741	3891	5856	1597	4594	4389	21222	3672	85	856	3842	1198	425	3180	15514	4242
ORF7a_peak	3499	421	294	6655	14463	1431	2807	790	157	1002	875	6317	478	6667	400	2858	370	413	9674	36390	2123	4478	3	103	1365	4952	46	70	3160	4273	5135	1974	3560	4519	8749	3667	81	876	2415	1203	403	3615	13720	5044
ORF7a_peak_2	2131	421	134	1269	6110	764	2749	790	123	998	337	2757	300	2849	393	2844	368	413	3621	14527	1523	3771	2	103	1132	4875	41	64	1852	3856	2940	1743	2537	4411	5199	3629	71	859	1495	1170	308	3261	7752	4301
ORF7a_peak_3	2801	421	212	6655	9871	781	2778	790	139	1002	595	3911	389	3857	400	2772	370	413	6509	21661	1740	4115	3	103	1245	4920	40	70	2403	4112	3892	1792	2901	4461	6501	3650	76	871	1662	1182	335	3456	9992	4767
ORF7a_peak_4	2131	421	134	1269	6110	764	2749	790	123	998	337	2757	300	2849	393	2844	368	413	3621	14527	1523	3771	2	103	1132	4875	41	64	1852	3856	2940	1743	2537	4411	5199	3629	71	859	1495	1170	308	3261	7752	4301
ORF7a_peak_5	2167	421	139	1269	6580	764	2749	790	127	998	378	2775	309	3290	393	2844	368	413	3930	16023	1580	3854	2	103	1148	4875	41	64	1966	3907	3133	1780	2620	4420	5410	3630	73	859	1575	1170	314	3282	8262	4505
ORF7a_peak_6	2643	421	190	5014	8675	1423	2742	790	136	998	511	4281	360	4359	397	2844	369	413	5622	21534	1622	3965	2	103	1189	4912	38	65	2101	4035	3459	1732	2692	4421	5163	3634	74	862	1509	1169	322	3472	8980	4661
ORF7a_peak_7	3499	421	294	6655	14463	1431	2807	790	157	1002	875	6317	478	6667	400	2858	370	413	9674	36390	2123	4478	3	103	1365	4952	46	70	3160	4273	5135	1974	3560	4519	8749	3667	81	876	2415	1203	403	3615	13720	5044
ORF8_peak	3283	423	287	1275	12603	1892	2835	790	151	1006	1051	3159	509	1500	399	2786	369	413	8892	19372	2647	5063	11	103	1396	5039	54	77	4245	4469	6391	1932	5227	4841	26354	3829	103	890	4705	1250	513	3688	20263	5239
ORF8_peak_2	2001	421	115	1274	5049	114	2769	790	130	1006	393	442	294	495	398	2774	369	413	3013	2981	1672	3688	8	103	1166	4911	42	71	2355	3876	3551	1627	3167	4459	14815	3706	81	886	2338	1168	350	3230	10996	4395
ORF8_peak_3	2784	423	235	1275	9643	1890	2804	790	138	1006	760	3149	434	1499	399	2786	369	413	6687	18407	2163	4899	5	103	1271	5039	49	74	3102	4380	4672	1932	4016	4774	14164	3766	90	890	3191	1242	411	3619	13734	5093
ORF8_peak_4	2225	421	128	1274	6223	115	2768	790	132	1006	511	488	331	616	398	2774	369	413	3957	7459	1876	3887	4	103	1209	4918	48	71	2717	3978	4011	1671	3640	4556	14475	3700	86	886	2642	1176	382	3236	12136	4318
ORF8_peak_5	3283	423	287	1275	12603	1892	2835	790	151	1006	1051	3159	509	1500	399	2786	369	413	8892	19372	2647	5063	11	103	1396	5039	54	77	4245	4469	6391	1932	5227	4841	26354	3829	103	890	4705	1250	513	3688	20263	5239
N_peak	8476	866	830	1273	30799	7947	3015	790	195	1018	2206	28770	1070	16384	404	2787	375	417	26340	128085	4656	12258	17	118	2075	5626	78	119	8405	8294	14770	3764	11895	7428	43889	4832	153	927	12300	2138	832	6493	47643	13003
N_peak_2	8456	3059	707	1322	28421	14986	3086	789	208	1027	1847	33723	869	15945	403	2840	392	417	24258	95929	4403	13771	22	104	1983	5594	62	90	7945	8859	14058	3533	13219	7316	69606	4855	171	963	15661	2033	803	7144	44834	11020
N_peak_3	7649	1408	702	1458	28700	16501	3091	789	221	1507	2277	15945	1109	13503	407	2919	386	417	25334	104380	4324	14121	13	107	1904	5505	56	108	7215	7858	12894	3662	7916	7033	12247	4115	116	951	5668	1615	709	7722	33218	8472
N_peak_4	5742	408	554	1272	20963	4590	2898	789	169	1017	1451	19919	743	10352	402	2787	374	417	17656	87390	3487	9768	12	113	1687	5404	66	104	5667	6935	10009	3276	8444	6568	28197	4501	124	921	7933	1832	611	5684	32525	10330
N_peak_5	4594	1184	398	1322	15035	11563	2947	789	175	1338	1266	9762	693	7295	403	2919	380	417	12799	53115	2746	8995	9	101	1467	5352	47	92	4127	5667	7347	2527	4909	5836	7208	3984	99	932	3354	1443	470	5238	18765	6398
N_peak_6	7111	408	704	1273	26449	6932	2976	790	186	1017	1881	25291	923	12839	404	2787	374	417	22295	110218	4134	10771	15	117	1900	5502	76	114	7235	7500	12798	3602	10286	6933	34193	4611	139	921	10156	1957	753	5980	40830	11249
N_peak_7	7768	868	786	1273	30089	7792	3006	790	201	1017	2193	26951	1025	14988	404	2788	373	417	25391	129130	4467	12031	15	117	1978	5627	80	120	7770	7782	13908	4033	10684	7182	31740	4606	136	920	10163	1891	783	6792	44565	12304
N_peak_8	5405	960	420	1596	16993	9610	2963	789	178	1484	1365	10666	743	7315	409	2937	386	417	15902	58001	3046	8330	9	99	1534	5388	41	81	4723	5810	8151	2585	5992	5534	11228	4086	98	958	4457	1482	492	4921	21557	5556
N_peak_9	8606	866	835	1273	31082	7952	3015	790	197	1018	2230	28918	1075	17171	404	2787	375	417	26592	129928	4789	12531	18	120	2096	5626	81	119	8645	8438	15128	3826	12353	7579	46974	4902	156	930	13049	2169	855	6575	49207	13428
N_peak_10	6093	1707	497	1272	18298	8972	2904	789	163	1018	1235	21818	635	13014	399	2834	384	417	15842	69535	3150	9771	15	105	1595	5381	57	85	5182	7099	8908	2918	8914	6419	50249	4661	127	942	10684	1837	584	5351	29349	8795
N_peak_11	2880	1486	173	1319	8622	2936	2917	789	150	1025	534	6176	399	1966	401	2838	377	417	6195	17529	2026	6015	9	101	1285	5107	38	69	3165	4897	5276	1967	4293	5009	15604	3870	95	913	3853	1289	415	4510	14569	5226
N_peak_12	4272	627	339	1323	13784	9213	2951	789	164	1194	1036	8724	615	6548	403	2919	381	417	11333	52018	2576	8907	8	102	1424	5361	43	90	3969	5703	6807	2594	4545	5726	6436	3861	98	925	2862	1360	465	5513	17596	6756
N_peak_13	6755	408	669	1272	25062	6932	2967	790	184	1017	1802	23796	885	12020	404	2787	374	417	20913	103525	4007	10506	15	116	1858	5470	74	112	6969	7280	12316	3563	9712	6794	30016	4522	133	915	9433	1896	732	5847	38927	10913
N_peak_14	4644	1441	370	1272	13878	6682	2875	789	148	1018	899	16856	507	9135	399	2791	378	417	11408	51299	2521	7973	11	102	1406	5204	50	80	3862	5991	6512	2330	6657	5793	34778	4348	109	927	7209	1654	468	4629	21063	7218
N_peak_15	3513	1501	224	1320	8796	3810	2854	789	154	1025	502	10698	360	4133	398	2836	378	417	6556	24087	1904	6104	8	101	1249	5218	40	69	2707	4846	4583	1860	5334	5035	19435	3871	104	917	4905	1266	384	4468	13665	6232
N_peak_16	7520	408	745	1273	27685	6933	2978	790	189	1017	1959	26524	953	13826	404	2787	375	417	23289	113378	4295	11239	16	117	1957	5508	76	115	7619	7690	13397	3690	10771	7093	38041	4681	144	921	10904	2000	784	6124	43074	11570
N_peak_17	5669	866	450	1272	16643	9274	2898	789	151	1019	1168	19040	615	11656	399	2791	384	417	14546	68442	3042	9291	14	105	1550	5248	55	86	4979	6868	8468	2565	7953	6236	45668	4652	123	944	9591	1819	558	5203	27630	8502
N_peak_18	5381	852	476	1323	19870	13830	3004	789	187	1194	1529	11568	810	9629	403	2919	381	417	16481	70792	3037	10444	10	103	1529	5484	47	93	4818	6324	8297	2679	5182	6113	7472	3905	105	928	3303	1392	535	6263	21210	7444
N_peak_19	13000	2168	1258	1275	46941	16129	3162	790	244	1020	3312	50342	1474	29274	405	2835	388	417	41099	201284	6676	18709	29	123	2638	5896	99	144	12441	11563	22015	5264	18853	9490	89927	5789	213	972	22001	2788	1164	8789	73296	17689
N_peak_20	7623	1742	689	1457	27068	19526	3050	789	220	1651	2219	17025	1115	12538	410	2937	388	417	25103	94616	4309	12606	11	104	1870	5591	53	103	6872	7290	12520	3392	8288	6642	14816	4238	112	967	6361	1697	670	6535	32535	7246
N_peak_21	3401	627	243	1320	11100	4729	2901	789	146	1027	791	5983	488	5129	402	2919	379	417	8347	40483	2240	7832	8	102	1330	5286	40	76	3413	5357	5365	2228	3625	5435	4918	3832	95	921	1897	1266	412	5241	13867	6117
N_peak_22	12227	1327	1189	1275	44609	16117	3158	790	233	1020	3160	46898	1426	26915	405	2792	388	417	39019	193831	6408	17823	28	123	2548	5890	97	142	11907	11107	20982	4877	17177	9168	82399	5741	197	967	20174	2686	1118	8454	69725	16843
N_peak_23	4702	1184	371	1453	15381	9862	2940	789	176	1340	1233	7723	692	6483	406	2919	383	417	13480	52123	2639	7865	7	101	1434	5264	42	84	3832	5525	6853	2628	4894	5495	7604	4033	96	944	3353	1452	448	4754	17391	5368
N_peak_24	5507	1707	443	1272	16406	9422	2896	789	160	1018	1040	19907	548	10553	399	2834	380	417	13605	59652	2731	8639	13	102	1464	5411	50	82	4259	6294	7291	2524	7546	5968	40190	4395	118	931	8455	1674	510	4962	23633	7871
N_peak_25	3353	1486	198	1319	9882	3639	2907	789	154	1025	608	9123	419	3343	400	2836	378	417	7375	22552	2144	6409	11	101	1316	5104	39	71	3408	5009	5729	2018	5368	5097	19828	3951	106	917	4919	1302	423	4619	16374	5727
N_peak_26	4067	627	321	1321	12700	9143	2943	789	164	1194	946	7769	583	5729	403	2919	381	417	10489	46865	2420	8295	8	101	1373	5361	42	90	3657	5548	6300	2367	4280	5591	6049	3860	97	922	2658	1359	448	5384	16302	6421
N_peak_27	7240	408	720	1273	26931	6932	2976	790	187	1017	1913	25979	931	12839	404	2787	375	417	22662	110541	4188	10962	15	117	1921	5502	76	114	7353	7591	13013	3688	10457	6978	35497	4651	139	921	10406	1970	759	6035	41635	11462
N_peak_28	5910	1707	483	1272	17728	11006	2904	789	163	1018	1133	21842	587	11805	399	2834	383	417	14940	63914	2923	9162	14	102	1534	5437	51	85	4704	6699	8114	2653	8233	6186	45032	4487	125	936	9604	1766	537	5116	26422	8191
N_peak_29	4121	627	330	1323	13176	7602	2950	789	159	1194	989	7576	586	6493	403	2919	380	417	10693	49332	2508	8722	8	102	1407	5268	43	88	3857	5658	6565	2572	4432	5689	6186	3848	96	925	2774	1340	451	5484	16933	6724
N_peak_30	4137	1486	279	1320	12309	6401	2935	789	166	1025	750	12065	467	4622	400	2836	380	417	9436	31209	2385	7418	12	101	1394	5305	43	71	3915	5425	6636	2187	6483	5365	26569	4011	116	922	6476	1378	473	5075	19489	6688
N_peak_31	5511	408	540	1272	20352	4451	2897	789	167	1017	1402	19250	729	9987	402	2787	374	417	17040	83252	3367	9439	12	113	1656	5391	64	99	5403	6753	9458	3195	8140	6433	27513	4495	124	921	7653	1814	589	5539	31019	9862
N_peak_32	4255	1707	330	1272	12418	5987	2867	789	145	1018	810	12730	469	8800	399	2834	376	417	10230	47788	2361	7889	11	102	1334	5208	46	81	3389	5879	5777	2440	6061	5704	24513	4167	104	922	5806	1535	431	4680	17946	7145
N_peak_33	3355	403	254	1321	9506	5939	2920	789	155	1194	726	5218	489	3953	403	2919	380	417	7888	35630	2053	6931	6	101	1286	5359	40	83	2898	5029	5093	1984	3709	5275	5022	3831	94	922	2239	1298	384	4757	12839	5777
N_peak_34	4995	1184	413	1453	16421	5170	2946	789	175	1340	1329	9034	708	7494	406	2921	382	417	14393	54961	2833	8391	8	101	1489	5285	43	82	4242	5796	7518	2719	5403	5608	9291	4083	99	945	3847	1503	479	5059	19358	5569
N_peak_35	3401	627	243	1320	11100	4729	2901	789	146	1027	791	5983	488	5129	402	2919	379	417	8347	40483	2240	7832	8	102	1330	5286	40	76	3413	5357	5365	2228	3625	5435	4918	3832	95	921	1897	1266	412	5241	13867	6117
N_peak_36	15096	2997	1430	1325	54759	22443	3238	790	285	1027	3783	60655	1645	32174	405	2837	392	417	47370	217394	7615	21729	36	124	2936	6199	105	141	14580	12940	25806	5486	22825	10267	112035	6046	249	992	27134	3004	1346	10046	85496	19647
N_peak_37	4121	627	330	1323	13176	7602	2950	789	159	1194	989	7576	586	6493	403	2919	380	417	10693	49332	2508	8722	8	102	1407	5268	43	88	3857	5658	6565	2572	4432	5689	6186	3848	96	925	2774	1340	451	5484	16933	6724
N_peak_38	14641	2997	1380	1325	52355	19856	3228	790	274	1027	3617	59240	1579	31803	405	2837	392	417	45658	213362	7287	20938	33	124	2819	6135	103	140	13762	12572	24456	5202	21914	10019	105498	5953	245	987	25740	2905	1287	9659	81247	19153
N_peak_39	5236	1400	457	1321	18219	14465	2970	789	183	1194	1419	10950	783	8839	403	2919	381	417	15093	67533	3042	10584	9	104	1535	5375	50	97	4664	6318	8283	2856	5342	6192	7848	3979	106	928	3541	1475	531	5983	21460	7073
N_peak_40	6407	408	603	1272	22730	4585	2915	789	172	1018	1593	18483	817	13342	402	2787	374	417	19337	89287	3703	10029	14	112	1752	5360	65	103	6198	7048	10645	3198	9331	6747	36766	4558	136	923	9527	1859	655	5637	35303	10789
N_peak_41	11469	3281	1039	1327	42090	24122	3234	789	256	1194	2915	42893	1315	22670	404	2919	394	417	36548	148253	6114	20094	28	108	2464	6002	74	116	11421	11232	20284	4594	16310	8892	73527	4991	199	973	17935	2232	1082	10104	60994	13818
N_peak_42	6442	1742	541	1596	22132	11600	2984	789	196	1484	1812	13654	928	9958	409	2937	386	417	20186	77143	3579	10333	10	102	1683	5388	46	88	5592	6451	9846	3080	6914	6062	12817	4191	106	964	5218	1590	565	5502	26062	6189
N_peak_43	24563	5082	2443	1609	97055	48352	3683	790	432	1653	7183	88207	3032	51966	417	2939	410	417	86858	380277	12793	37780	51	134	4336	7046	142	204	24413	19245	43982	8871	33242	14254	134660	6802	323	1061	36359	3705	2102	16776	135752	26502
N_peak_44	8476	866	830	1273	30799	7947	3015	790	195	1018	2206	28770	1070	16384	404	2787	375	417	26340	128085	4656	12258	17	118	2075	5626	78	119	8405	8294	14770	3764	11895	7428	43889	4832	153	927	12300	2138	832	6493	47643	13003
N_peak_45	3757	1248	257	1271	9021	3556	2825	789	150	1018	546	11280	362	6712	398	2834	377	417	7034	28777	2016	6668	9	100	1287	5260	40	71	2854	5071	4930	2280	6606	5416	25446	3993	111	919	6196	1432	393	4455	15317	6839
N_peak_46	4067	627	321	1321	12700	9143	2943	789	164	1194	946	7769	583	5729	403	2919	381	417	10489	46865	2420	8295	8	101	1373	5361	42	90	3657	5548	6300	2367	4280	5591	6049	3860	97	922	2658	1359	448	5384	16302	6421
ORF10_peak	2985	401	251	2095	8260	1519	2924	789	146	1030	722	14808	472	12754	403	2940	385	417	6858	44419	1981	6548	10	104	1325	5449	47	83	3239	5798	5326	2833	4490	5237	9794	4000	98	951	3646	1375	395	5120	15439	5470
