	gene	baseMean	log2FoldChange	lfcSE	stat	pvalue	padj
1	gene.20911.1150	18917.3191201721	0.892639506756988	0.269427224373555	3.31310062979888	0.000922677757119075	0.30880047364153
2	gene.28557.1148	10.8164781535013	7.94964576628351	2.15363498750783	3.69126886050582	0.000223138116781745	NA
3	gene.30163.868	46.5390546374603	3.16009220987077	0.950077615876924	3.32614110369709	0.000880573389903538	NA
4	gene.3058.562	100.968662450944	2.32409975287273	0.591231830921358	3.93094490405045	8.46126622126291e-05	NA
5	gene.3059.562	100.968662450944	2.32409975287273	0.591231830921358	3.93094490405045	8.46126622126291e-05	NA
6	gene.4245.145	243.519481215117	2.05503165652908	0.505900009788023	4.06213009837686	4.8626962645149e-05	NA
7	gene.8385.911	87.3644229528368	2.35605941359853	0.655122549590192	3.59636439788609	0.000322695678117335	NA
8	gene.9880.1182	162635.601326502	4.23823292569956	0.317523644798434	13.3477710876934	1.22046297641334e-40	5.71847927598469e-37
9	gene.9881.1182	162635.601326502	4.23823292569956	0.317523644798434	13.3477710876934	1.22046297641334e-40	5.71847927598469e-37
