	gene	baseMean	log2FoldChange	lfcSE	stat	pvalue	padj
1	dsRNA_tag_1019	101.493543121414	2.54289665729867	1.23484084771992	2.05929101065455	0.0394663691118563	0.969053363761131
2	dsRNA_tag_1025	39.7570993984599	5.47461273792539	2.67592678507264	2.04587538361098	0.0407686328362846	0.969053363761131
3	dsRNA_tag_1052	36.0403732130536	5.3296626335206	2.78030549479833	1.91693417989205	0.0552462941090103	0.969053363761131
4	dsRNA_tag_1057	163.885387953086	1.97530945319746	1.01372170757938	1.94857172183302	0.0513465919058533	0.969053363761131
5	dsRNA_tag_110	127.172894215276	1.8842013913934	1.01936343411464	1.8484098294441	0.0645430778264637	0.969053363761131
6	dsRNA_tag_111	50.1833272402025	2.42671329614439	1.41513893458719	1.71482335538474	0.0863776181525274	0.969053363761131
7	dsRNA_tag_1157	10969.9532829712	1.68949993516024	1.01469268905118	1.66503607780997	0.0959055582488818	0.969053363761131
8	dsRNA_tag_1158	10950.9550105264	1.72406235098216	1.02591866757715	1.68050587777466	0.0928589316687712	0.969053363761131
9	dsRNA_tag_1179	59.0128508502478	3.11120941093612	1.52221317506963	2.04387234448539	0.0409661598766582	0.969053363761131
10	dsRNA_tag_1276	147.236193461734	1.98271831248951	1.03151020986233	1.92215093319739	0.0545867687695896	0.969053363761131
11	dsRNA_tag_128	57.1118532466459	2.00867443994793	1.20120011221955	1.67222298725592	0.0944803592279739	0.969053363761131
12	dsRNA_tag_1294	80.1512085479949	1.57787015017961	0.956782701304202	1.64914159508611	0.0991186298674319	0.969053363761131
13	dsRNA_tag_13	212.199484480161	1.24516771942521	0.749120890570671	1.66217193392732	0.096478305700834	0.969053363761131
14	dsRNA_tag_1300	54.3882603739393	3.86291160344576	1.79355054939646	2.15377905280989	0.031257503186351	0.969053363761131
15	dsRNA_tag_1311	38.6469301734893	3.779492027035	2.11527650407459	1.78676027448643	0.0739762425289273	0.969053363761131
16	dsRNA_tag_1312	75.3928627433767	2.62877100135678	1.29337465571388	2.03248995930403	0.0421040792357521	0.969053363761131
17	dsRNA_tag_1363	42.6161195410802	5.57697533020032	2.61724057317337	2.13086079566553	0.0331006120044544	0.969053363761131
18	dsRNA_tag_1369	47.0049662512428	2.73970001435345	1.56654351338077	1.74888216698232	0.0803113897455999	0.969053363761131
19	dsRNA_tag_1416	117.923713262659	2.13564753910978	1.10322748966171	1.9358179152739	0.0528900059264057	0.969053363761131
20	dsRNA_tag_1417	12025.3379974078	1.77302692350287	1.03762519138978	1.70873542606277	0.0874999688220485	0.969053363761131
21	dsRNA_tag_1418	11120.4029481956	1.70191079267826	1.01815060201907	1.67157077676254	0.094608991334112	0.969053363761131
22	dsRNA_tag_1419	11014.7512863053	1.66810689548847	1.00759789110058	1.65552837121009	0.0978173663070711	0.969053363761131
23	dsRNA_tag_1420	11527.065960622	1.72289078623215	1.0234065081797	1.68348625151564	0.0922809986764824	0.969053363761131
24	dsRNA_tag_1421	11035.678979361	1.71287890174163	1.02200282427237	1.67600212158038	0.0937377770474925	0.969053363761131
25	dsRNA_tag_1423	11412.452691735	1.70284829636994	1.01737078318968	1.67377353911337	0.0941751146296678	0.969053363761131
26	dsRNA_tag_1449	55.2626858327641	3.54098571641909	1.68731580422335	2.09859097363754	0.0358529727364724	0.969053363761131
27	dsRNA_tag_1513	37.4866027004025	4.35295142211793	2.35004022332112	1.85228804976209	0.0639844708103339	0.969053363761131
28	dsRNA_tag_1526	88.3922087134775	2.01945448196751	1.08606161856003	1.85942901162923	0.0629663527541097	0.969053363761131
29	dsRNA_tag_1550	59.8538374769952	3.37964799536151	1.59403518999319	2.12018405652384	0.0339905264291373	0.969053363761131
30	dsRNA_tag_1616	42.9354603874196	3.94176368688969	2.03141732172808	1.94040074618273	0.0523310059902442	0.969053363761131
31	dsRNA_tag_1772	97.036146805493	1.85750641251548	1.0283693639208	1.80626385585184	0.0708771347437891	0.969053363761131
32	dsRNA_tag_1795	56.1371112915889	3.2779528274429	1.59955806045305	2.04928655513415	0.0404341025730147	0.969053363761131
33	dsRNA_tag_1840	44.9367744872538	4.01166573342721	2.00316921020853	2.00265944233917	0.0452138548733666	0.969053363761131
34	dsRNA_tag_1869	63.7210384067499	1.94790115634447	1.13220215186788	1.72045350128585	0.0853500390038801	0.969053363761131
35	dsRNA_tag_191	947.522745746046	1.7981208298863	0.950375943286006	1.89201004359301	0.0584896426364014	0.969053363761131
36	dsRNA_tag_196	114.140109413098	2.38288578414417	1.18007992659703	2.01925795909065	0.043460415034144	0.969053363761131
37	dsRNA_tag_1981	135.614527373224	1.52469028230902	0.89697025708364	1.69982256409071	0.0891643059182311	0.969053363761131
38	dsRNA_tag_2070	145.285037610016	1.8034421600198	0.977368956665362	1.84520098343708	0.0650083075111036	0.969053363761131
39	dsRNA_tag_2092	51.8485810776585	3.15094780689405	1.61387451720407	1.95241189652889	0.0508893217531689	0.969053363761131
40	dsRNA_tag_2103	76.2505687861628	2.6477125296368	1.29674848361418	2.04180884966786	0.041170496080534	0.969053363761131
41	dsRNA_tag_228	624.680853688086	1.87547387721877	0.955144651206512	1.96354957843267	0.0495823495919838	0.969053363761131
42	dsRNA_tag_2306	105.965986911771	1.73464979279322	0.984386040355861	1.76216415276078	0.0780415667981176	0.969053363761131
43	dsRNA_tag_2436	40.3790616751001	3.39840586791885	1.93444973549602	1.75678168605785	0.0789550278540065	0.969053363761131
44	dsRNA_tag_2463	71.642697725893	2.84661593972014	1.36948667799255	2.07860067970346	0.0376540684638762	0.969053363761131
45	dsRNA_tag_2701	42.9688992194971	3.14206850464278	1.78012698030035	1.76508110905248	0.0775501350874998	0.969053363761131
46	dsRNA_tag_2729	80.6561349123641	1.94661370969571	1.07354846552031	1.81325182068259	0.0697929905443381	0.969053363761131
47	dsRNA_tag_274	80.8751592624713	2.36903832026154	1.20353414589666	1.96840141872049	0.049021868795913	0.969053363761131
48	dsRNA_tag_2742	35.7544711987916	5.31788529025539	2.79003885425984	1.90602553155703	0.0566468932259159	0.969053363761131
49	dsRNA_tag_2743	51.2767770491345	3.13313656435684	1.61657581281469	1.93813153674594	0.0526071767695774	0.969053363761131
50	dsRNA_tag_2860	170.594889609423	1.69651481045997	0.920754151978797	1.84252746166171	0.0653980333932593	0.969053363761131
51	dsRNA_tag_289	70.0777603846693	1.68615344539623	1.01802650129365	1.65629621945358	0.0976618457318758	0.969053363761131
52	dsRNA_tag_2904	141.401117264223	2.31879920324812	1.13911141366453	2.03562107747523	0.0417884196205487	0.969053363761131
53	dsRNA_tag_3092	55.0603808986956	2.40510707116371	1.34678849456215	1.78580904193545	0.074130182211737	0.969053363761131
54	dsRNA_tag_3166	136.52406360573	2.32337105102055	1.14515206994448	2.02887556334173	0.0424709663234197	0.969053363761131
55	dsRNA_tag_317	43.2715206497978	2.85750257929734	1.68390217190472	1.69695284380156	0.0897055761949223	0.969053363761131
56	dsRNA_tag_3175	73.6607312417658	2.73510800075822	1.32983311363859	2.05673025638129	0.0397121800704687	0.969053363761131
57	dsRNA_tag_3228	52.4705433542987	2.50266200969485	1.40757730426233	1.77799258493047	0.0754050727386707	0.969053363761131
58	dsRNA_tag_3234	43.2046429856429	4.56707710347349	2.22743017928375	2.05037946686261	0.0403274153030555	0.969053363761131
59	dsRNA_tag_3256	50.1331689920864	3.0968405018857	1.62264475982314	1.90851416068618	0.0563247946991898	0.969053363761131
60	dsRNA_tag_3257	42.0777543446336	3.91073676458711	2.04536080193728	1.91200337900434	0.0558757606493077	0.969053363761131
61	dsRNA_tag_3258	49.8305475617856	3.37813554506747	1.71279316986328	1.97229624948652	0.0485757975366187	0.969053363761131
62	dsRNA_tag_3261	44.3649704587298	3.9920369209639	2.010675270122	1.9854210077004	0.0470976506106306	0.969053363761131
63	dsRNA_tag_3278	37.2007006861405	4.34136338074739	2.35813043585975	1.84101918822169	0.0656187468406999	0.969053363761131
64	dsRNA_tag_3399	477.591791087492	1.24578203423848	0.745632776355574	1.67077155637858	0.0947668087696299	0.969053363761131
65	dsRNA_tag_3464	93743.730976142	1.25120889431515	0.709179442618254	1.76430508151188	0.0776806289049973	0.969053363761131
66	dsRNA_tag_3515	39890.5169945657	1.7630162883053	0.95095636250593	1.85394026247372	0.0637477068747714	0.969053363761131
67	dsRNA_tag_3557	58.2387418876553	2.18592753895938	1.2470505738842	1.75287801853203	0.0796229474786313	0.969053363761131
68	dsRNA_tag_3560	278.627396343578	1.23518368688748	0.736929916815843	1.67612096985356	0.0937145000611881	0.969053363761131
69	dsRNA_tag_3570	67.4210451761175	2.17228800026632	1.18303020493675	1.83620670985528	0.0663270906906964	0.969053363761131
70	dsRNA_tag_3595	50.7216924366491	2.8652306681303	1.54297387489178	1.8569534551136	0.0633177763944903	0.969053363761131
71	dsRNA_tag_372	56.2207083717824	2.27648205001494	1.29417125367308	1.7590269012342	0.0785729394614023	0.969053363761131
72	dsRNA_tag_373	56.4397327218896	3.03925972324502	1.5252732373017	1.99260017740929	0.0463052457546299	0.969053363761131
73	dsRNA_tag_3803	376.944250417637	1.86204872016896	0.942215887967084	1.9762442386601	0.0481271216866771	0.969053363761131
74	dsRNA_tag_3834	373.715731180561	1.94734614694007	0.968158060192808	2.0113927952552	0.04428398375578	0.969053363761131
75	dsRNA_tag_3835	405.449182822042	1.77228940346814	0.915069292777428	1.93678163769311	0.0527720414363067	0.969053363761131
76	dsRNA_tag_3836	556.771601563638	1.77472600506963	0.920167435401218	1.92869899193488	0.0537682414699662	0.969053363761131
77	dsRNA_tag_3861	3712.89075136702	1.96672116078843	1.09973658735594	1.78835657865758	0.0737184970300723	0.969053363761131
78	dsRNA_tag_3916	205.322788663437	1.74343494177196	0.912852654548434	1.90987552381539	0.0561492421969165	0.969053363761131
79	dsRNA_tag_3925	50.9407167867563	4.20309171970371	1.94576966360572	2.16011781780734	0.0307635500144822	0.969053363761131
80	dsRNA_tag_3952	632.012317621062	1.76857207023709	0.92226118163243	1.91764773955536	0.0551556924570862	0.969053363761131
81	dsRNA_tag_3953	543.887619564204	1.52980487599381	0.841590605689365	1.81775422117589	0.0691017063951522	0.969053363761131
82	dsRNA_tag_396	44.9702133193312	3.21499994201581	1.75530954693752	1.83158574373677	0.0670131623921734	0.969053363761131
83	dsRNA_tag_403	86.5931995477117	2.48591944445504	1.23026659399129	2.02063476046285	0.0433175878375652	0.969053363761131
84	dsRNA_tag_4081	66.2105594549145	2.71630818578076	1.35493237201132	2.00475554491961	0.0449891871951777	0.969053363761131
85	dsRNA_tag_4131	12958.0740916092	1.65846311595451	0.997179622652365	1.66315383736305	0.0962816454250248	0.969053363761131
86	dsRNA_tag_4144	691.658834339177	1.32189577942132	0.781399997185612	1.69170179700848	0.0907028456378869	0.969053363761131
87	dsRNA_tag_415	44.062349028429	4.59662144980725	2.21420071133513	2.07597325132985	0.0378964249861292	0.969053363761131
88	dsRNA_tag_4167	131.309277743255	1.51117547264863	0.89626110239805	1.68608842736264	0.0917787686600747	0.969053363761131
89	dsRNA_tag_4223	87.7702464368373	2.2940764635281	1.17121031123895	1.95872290528363	0.0501452464725592	0.969053363761131
90	dsRNA_tag_4237	502.871548138029	1.70483432582794	0.895808686837317	1.90312323476892	0.057024466811129	0.969053363761131
91	dsRNA_tag_4242	509.497452714172	1.68805371229466	0.890757806260969	1.89507596838293	0.0580823379050329	0.969053363761131
92	dsRNA_tag_4243	372.588842539552	1.92128222837851	0.960175578027549	2.00096968965335	0.0453956564191316	0.969053363761131
93	dsRNA_tag_4284	58.8272653322181	2.0617857016438	1.20295929073224	1.71392807514608	0.0865419361321392	0.969053363761131
94	dsRNA_tag_433	606.834549008362	6.2499341995098	3.78831260059908	1.64979368347835	0.0989851411374083	0.969053363761131
95	dsRNA_tag_4331	50.1164495760476	3.3871806696701	1.71096547759968	1.97968966295099	0.0477384108192517	0.969053363761131
96	dsRNA_tag_4335	162.069659371282	2.26063044712583	1.10177280530791	2.05181180388097	0.0401879557054202	0.969053363761131
97	dsRNA_tag_4336	35.7544711987916	5.31788529025539	2.79003885425984	1.90602553155703	0.0566468932259159	0.969053363761131
98	dsRNA_tag_4408	54.4551380380941	2.76222344135996	1.46333980194212	1.8876158754747	0.0590775372587794	0.969053363761131
99	dsRNA_tag_4451	42.9187409713809	4.55709298852942	2.23208279267851	2.04163259690779	0.0411879893463614	0.969053363761131
100	dsRNA_tag_4470	69.9272856403208	2.80672329742744	1.36428502505466	2.05728513168646	0.0396588067088566	0.969053363761131
101	dsRNA_tag_4554	62.4269556053534	3.44607519460863	1.59305490984167	2.16318670079685	0.0305268227322122	0.969053363761131
102	dsRNA_tag_4597	383.87277642408	1.81794137106871	0.92878765589524	1.95732723139654	0.0503090078649643	0.969053363761131
103	dsRNA_tag_4665	46.9548080031267	3.63510601752639	1.8426437636433	1.97276657010415	0.0485221635352957	0.969053363761131
104	dsRNA_tag_4677	253.284105512095	1.29178556101584	0.756612222124729	1.70732843488601	0.0877610238065912	0.969053363761131
105	dsRNA_tag_4705	57.6167796110151	2.66020299221516	1.39966591565728	1.9005985374488	0.057354617237692	0.969053363761131
106	dsRNA_tag_4708	67.9259715404867	2.75874336729643	1.35892142872021	2.03009777386064	0.0423466017734724	0.969053363761131
107	dsRNA_tag_4709	46.4164428066801	2.97214496883208	1.64943695293605	1.80191486770172	0.0715588006740223	0.969053363761131
108	dsRNA_tag_4714	49.2587435332616	3.35987336830269	1.71663964996566	1.95723859015484	0.0503194237045346	0.969053363761131
109	dsRNA_tag_4758	94.4128704290187	2.05015128215409	1.09082472070903	1.87945069746998	0.0601829794534898	0.969053363761131
110	dsRNA_tag_4785	40.3790616751001	3.39840586791885	1.93444973549602	1.75678168605785	0.0789550278540065	0.969053363761131
111	dsRNA_tag_4801	61.014164950082	3.16479033104084	1.52141106771454	2.08016781144821	0.0375101435286609	0.969053363761131
112	dsRNA_tag_4841	56.7757929842678	2.45757439818389	1.34551659525803	1.82649133191301	0.0677762857510307	0.969053363761131
113	dsRNA_tag_4874	470.69837585473	1.46691430795287	0.818499889173638	1.79219854193735	0.0731011681469197	0.969053363761131
114	dsRNA_tag_4880	43.2046429856429	4.56707710347349	2.22743017928375	2.05037946686261	0.0403274153030555	0.969053363761131
115	dsRNA_tag_49	41.1866094697701	5.52670172849807	2.64466595704326	2.0897541762427	0.0366398876128654	0.969053363761131
116	dsRNA_tag_4992	212.418508830268	1.36311900471532	0.788002755502359	1.7298404037259	0.0836587934715817	0.969053363761131
117	dsRNA_tag_5001	91.1676317759041	2.57305189411563	1.25131538595375	2.0562776762746	0.0397557587998016	0.969053363761131
118	dsRNA_tag_5002	43.5072644159437	3.96208368470701	2.02276457485312	1.95874682301805	0.0501424439841973	0.969053363761131
119	dsRNA_tag_505	86.8958209780125	2.38153913960995	1.19864260049627	1.98686342252807	0.0469375339937907	0.969053363761131
120	dsRNA_tag_5071	52.3869462741051	3.80503079219852	1.80289220998004	2.11051485559453	0.0348140329545461	0.969053363761131
121	dsRNA_tag_508	5345.81759791216	3.1114988703359	1.44437150055852	2.15422338998846	0.0312226574170716	0.969053363761131
122	dsRNA_tag_5099	53.0590667988615	2.34138158596301	1.34943974688715	1.73507679121208	0.082727204531015	0.969053363761131
123	dsRNA_tag_5102	320.705150688212	1.45547166922746	0.810560280356138	1.7956365547396	0.0725523382431245	0.969053363761131
124	dsRNA_tag_5213	53.3282493970848	2.53014269551596	1.40538259165978	1.8003230654279	0.0718096409227458	0.969053363761131
125	dsRNA_tag_5215	148.685766832291	7.40106744821565	4.46052482645006	1.65923691407987	0.0970680618712227	0.969053363761131
126	dsRNA_tag_5242	101.980078128141	1.59529485215813	0.941713852303367	1.69403354135245	0.0902589095928684	0.969053363761131
127	dsRNA_tag_5289	68.0095686206802	2.06525796847881	1.14691227357331	1.80071136743904	0.0717483849747925	0.969053363761131
128	dsRNA_tag_5339	231.473627289591	1.70911491021084	0.893625106937184	1.91256366561664	0.0558039349021173	0.969053363761131
129	dsRNA_tag_5353	59.9374345571887	2.38718532968599	1.29619168475376	1.84169159373947	0.065520274523794	0.969053363761131
130	dsRNA_tag_5512	131.830923523662	1.67258893481144	0.947979972340677	1.76437159392894	0.0776694374290129	0.969053363761131
131	dsRNA_tag_556	66.0416933529235	1.78353934094385	1.06693064190563	1.67165443646674	0.0945924837201808	0.969053363761131
132	dsRNA_tag_56	41.7918523303715	3.90024438002111	2.0502819869283	1.90229656451521	0.057132394572866	0.969053363761131
133	dsRNA_tag_5643	8774.26928392055	6.21809155989377	3.73789762278626	1.66352644919653	0.0962071009700625	0.969053363761131
134	dsRNA_tag_5652	138.894876800019	2.04401498032385	1.05833887613262	1.93134262231119	0.053440695740612	0.969053363761131
135	dsRNA_tag_58	53.8498951774927	3.21161047019528	1.60598528427324	1.99977577730336	0.0455244813260586	0.969053363761131
136	dsRNA_tag_59	46.4164428066801	2.97214496883208	1.64943695293605	1.80191486770172	0.0715588006740223	0.969053363761131
137	dsRNA_tag_5955	38.0584067289265	4.37585195204447	2.33442439648583	1.87448861425187	0.0608631099092419	0.969053363761131
138	dsRNA_tag_5991	359.199934175749	1.4691895019308	0.816823938315897	1.7986611716595	0.0720722945133573	0.969053363761131
139	dsRNA_tag_5998	56.6921959040742	3.58095203753782	1.68333072483316	2.12730153659658	0.0333950371752206	0.969053363761131
140	dsRNA_tag_6078	64.4784279533037	2.84661574463291	1.40361231130328	2.0280641041042	0.0425537058926174	0.969053363761131
141	dsRNA_tag_61	43.8433246783218	2.87903570882119	1.67670029483094	1.71708427421221	0.085963775065672	0.969053363761131
142	dsRNA_tag_6122	286.450411108093	1.95953358438176	0.968251006573579	2.02378677747633	0.0429920952861692	0.969053363761131
143	dsRNA_tag_618	244.944460791984	1.75569329508517	0.906884097092826	1.93596215956741	0.0528723356862722	0.969053363761131
144	dsRNA_tag_62	40.328903426984	5.49567455629105	2.66292269775476	2.06377547531692	0.0390390093807431	0.969053363761131
145	dsRNA_tag_6227	82.1525226478291	1.6251758465482	0.968791002001582	1.67752987299685	0.0934389129371475	0.969053363761131
146	dsRNA_tag_6270	426.233088899768	1.39924865597513	0.795755782338833	1.75838955497446	0.0786812491329946	0.969053363761131
147	dsRNA_tag_6300	905.623889153026	1.28735211637174	0.782275618236253	1.64565031347167	0.0998357740954994	0.969053363761131
148	dsRNA_tag_6381	49.8138281457469	3.72702839951604	1.81872875996981	2.04924916873141	0.040437756367958	0.969053363761131
149	dsRNA_tag_6533	615.31129293999	1.60602192975812	0.869723128187814	1.84658988327065	0.0648066015313073	0.969053363761131
150	dsRNA_tag_6536	259.002145797335	1.33694404690344	0.771150941392219	1.73369955885647	0.0829714048481058	0.969053363761131
151	dsRNA_tag_6602	41.5059503161095	3.88967512658436	2.0553470586404	1.89246634053003	0.0584288742461092	0.969053363761131
152	dsRNA_tag_6663	61.3502252124601	2.58881869464685	1.34652912340951	1.92258648523827	0.0545320026236855	0.969053363761131
153	dsRNA_tag_6675	78.4023576303454	1.70911459974867	1.00230634721558	1.70518185831768	0.0881605124188963	0.969053363761131
154	dsRNA_tag_6728	70.0610409686306	1.78711701956374	1.05046575209589	1.7012615746854	0.0888938799934883	0.969053363761131
155	dsRNA_tag_6729	88.3922087134775	2.01945448196751	1.08606161856003	1.85942901162923	0.0629663527541097	0.969053363761131
156	dsRNA_tag_6732	516.392539888538	1.68626439651875	0.890463533961383	1.89369281526567	0.058265795542271	0.969053363761131
157	dsRNA_tag_6733	63.3849781443717	2.33360447711586	1.25542186210148	1.8588209649381	0.0630525197734166	0.969053363761131
158	dsRNA_tag_6734	189.161801120416	1.92875658869667	0.979855519494946	1.96840916882401	0.0490209777816572	0.969053363761131
159	dsRNA_tag_6741	20636.21678809	3.10913525046072	1.39182268147987	2.23385873202965	0.0254923696450513	0.969053363761131
160	dsRNA_tag_6751	46.4164428066801	2.97214496883208	1.64943695293605	1.80191486770172	0.0715588006740223	0.969053363761131
161	dsRNA_tag_6768	154.029292198264	1.45830676311963	0.858402401859153	1.69886146632534	0.0893452889381831	0.969053363761131
162	dsRNA_tag_6786	63.4016975604104	2.19454072212039	1.21177327972134	1.81101593742441	0.070138384666492	0.969053363761131
163	dsRNA_tag_6873	178.767340169147	1.40638033202058	0.82080265007868	1.71342079839261	0.0866351526885686	0.969053363761131
164	dsRNA_tag_6905	67.4043257600788	2.3014557695223	1.22340987193572	1.88118129689509	0.0599472610339503	0.969053363761131
165	dsRNA_tag_6968	61.4003834605763	2.13795727455975	1.20729558764825	1.77086481258859	0.0765831849579749	0.969053363761131
166	dsRNA_tag_7000	189.429311777035	1.35126718127798	0.795528798408488	1.69857732866653	0.0893988511434009	0.969053363761131
167	dsRNA_tag_7040	136.438794583932	1.63511424940002	0.93191969876545	1.75456560427483	0.0793336391415289	0.969053363761131
168	dsRNA_tag_7057	91.6207279505533	1.67406772678418	0.973806457563465	1.71909696611873	0.0855967171480547	0.969053363761131
169	dsRNA_tag_7092	1712.29057059771	1.76152599779417	0.96765724586505	1.82040283925061	0.0686976803781241	0.969053363761131
170	dsRNA_tag_7112	99.794850451881	2.41693309443255	1.19847512766182	2.0166735534578	0.0437295915714415	0.969053363761131
171	dsRNA_tag_7122	369.054357988968	1.38255551809222	0.788911756286759	1.75248436479084	0.0796905560435074	0.969053363761131
172	dsRNA_tag_763	84.4062999298478	1.84661803994797	1.03635174205437	1.78184487468261	0.0747745320817573	0.969053363761131
173	dsRNA_tag_841	53.5639931632306	3.203098987386	1.60697307274786	1.9932499440758	0.0462340846152206	0.969053363761131
174	dsRNA_tag_849	38.377747575266	3.31791592529451	1.97779228878324	1.67758563126754	0.0934280197845019	0.969053363761131
175	dsRNA_tag_865	47.5767702797669	2.7597377317477	1.56219309519934	1.76657913815421	0.0772987373180396	0.969053363761131
176	dsRNA_tag_9	257.388722149599	1.60037432680386	0.857212427887005	1.86695184850356	0.0619083123767233	0.969053363761131
177	dsRNA_tag_902	55.0102226505795	2.99768070519196	1.52813639883423	1.96165781240391	0.0498023366062368	0.969053363761131
178	dsRNA_tag_904	66.7489246513611	3.09454243432726	1.46364098845835	2.11427697005584	0.0344916181665943	0.969053363761131
179	dsRNA_tag_907	79.4456491911612	2.3382761103089	1.1968464055602	1.95369773384951	0.0507369744685177	0.969053363761131
180	dsRNA_tag_910	62.1410535910913	3.43884364360044	1.59306234261602	2.15863720559322	0.0308783239370019	0.969053363761131
181	dsRNA_tag_912	82.5738519320047	2.52234495042849	1.24671628075415	2.02319083288357	0.0430534764443709	0.969053363761131
182	dsRNA_tag_913	81.1610612767333	2.37511282589969	1.20487405500015	1.9712540211511	0.0486948276501654	0.969053363761131
183	dsRNA_tag_919	41.2367677178862	3.43157273207411	1.91860652474821	1.78857555617061	0.0736831974079574	0.969053363761131
184	dsRNA_tag_924	61.703004890877	2.014459397115	1.16623860856213	1.72731324647076	0.084111421469585	0.969053363761131
185	dsRNA_tag_984	60.8452988480909	1.98922213802494	1.16431116976383	1.70849699778147	0.0875441629765761	0.969053363761131
186	dsRNA_tag_990	187.444717093239	1.29717657514259	0.778916511018457	1.66536022384029	0.095840910043913	0.969053363761131
187	dsRNA_tag_999	43.8266052622831	3.17377732743742	1.76909467496057	1.79401214211905	0.0728112308255174	0.969053363761131
