AD_C1	AD_C2	AD_C3	KO_C1	KO_C2	KO_C3
ENSMUSG00000000303	10354.5519213609	10375.0234466988	9659.72999516907	13913.5647834395	13934.0381292907	13522.4284318893
ENSMUSG00000000544	149.437201844594	130.610039546179	158.667052606599	367.557022347328	318.533534212534	296.058679592768
ENSMUSG00000000628	3737.85826807413	3603.24185435032	3363.94109645816	4199.14754436908	4179.07750063952	4344.60936451345
ENSMUSG00000000958	277.663962137051	287.142682361066	371.221028739969	451.78883996859	495.840226395562	401.646040846133
ENSMUSG00000001082	678.734129668348	707.886473876239	738.450433514991	764.786616811236	914.366488176431	977.200676697808
ENSMUSG00000001089	3276.04910882535	3473.62883800678	3180.32639407064	4698.79537162248	4277.0085224848	4736.93887348429
ENSMUSG00000001248	87.7340991474711	90.7291114404757	68.8555133953167	130.176445414679	114.424667629745	166.662403546978
ENSMUSG00000001281	45.3132160431994	38.883904903061	58.876453482952	152.19157956569	126.794901968096	123.185254795592
ENSMUSG00000001288	1599.46011522697	1519.46336082731	1406.04954165219	1817.68433707702	2033.87269579718	1749.43765213908
ENSMUSG00000001418	1108.72762658892	1061.82971081436	1084.72381247405	1223.2757149997	1364.84918866471	1280.50554774914
ENSMUSG00000001424	7602.01507448143	7443.77523092958	7180.93151293767	8306.40583315132	8151.98442897319	8159.21158234335
ENSMUSG00000001435	9989.15386007635	9843.61007969029	9595.86401172994	15198.1000021637	15753.4934298898	14504.8049596289
ENSMUSG00000001436	752.006564121181	777.67809806122	714.500689725316	882.519725531865	988.587894206536	923.371825862759
ENSMUSG00000001552	2306.15346330496	2101.72491117058	2287.200531914	2516.42555143522	2757.5314045907	2492.6898617461
ENSMUSG00000001622	810.817333879376	929.225624862894	946.014879692178	1509.47245896285	1639.05604983148	1633.49858880206
ENSMUSG00000001687	1667.91199478159	1668.01981802105	1607.62655188196	1948.81796223739	1902.95438238297	1853.98984318408
ENSMUSG00000001751	245.848299808848	276.175427131997	239.497437896754	270.881868032015	445.328436180629	388.188828137371
ENSMUSG00000001918	2868.23016443656	2431.73959124528	2133.52300926358	3756.93050185745	3860.54396642698	3568.23170823871
ENSMUSG00000001930	0.96411097964254	3.98809281057036	2.99371797370942	17.229235422531	35.048997291994	27.9495956258907
ENSMUSG00000002014	1177.17950614354	1144.58263663369	1185.51231758893	1363.02395787134	1400.92903881823	1390.23358983597
ENSMUSG00000002083	219.817303358499	231.309383013081	199.581198247295	325.441113536696	347.397414335352	354.028211261282
ENSMUSG00000002108	73.272434452833	97.7082738589738	79.832479298918	236.423397186953	238.127011013253	229.807786257323
ENSMUSG00000002250	1021.95763842109	968.109529765955	1090.71124842147	1226.14725423679	1390.62051020294	1374.70603671048
ENSMUSG00000002504	26.9951074299911	26.9196264713499	41.9120516319319	78.4887391470856	80.4065231992803	73.4970847940089
ENSMUSG00000002799	1564.75211995984	1503.51098958503	1542.76266245159	2185.24135942435	2239.0124152415	2256.67105423858
ENSMUSG00000002804	173.539976335657	153.541573206959	170.641924501437	215.365442781637	289.669654089715	268.109083966877
ENSMUSG00000002820	1663.09143988338	1550.37108010923	1619.6014237768	1965.09001791423	1974.08322982848	1811.54786464106
ENSMUSG00000002845	748.150120202611	788.645353290289	822.274536778855	1147.6585150897	1123.62961906687	1042.41639982489
ENSMUSG00000002900	443.491050635568	428.719977136314	402.156114468299	700.655573849593	603.048923994602	760.850103149247
ENSMUSG00000002980	1453.87935730095	1449.67173664233	1337.19402825688	1837.78511173664	1838.01065210663	1816.7237156829
ENSMUSG00000002992	324.905400139536	316.056355237701	414.130986363137	748.514561134401	711.288474455172	739.111528773554
ENSMUSG00000003228	557.256146233388	636.100803285973	635.666116417634	801.15944714769	794.78755623904	789.834868983504
ENSMUSG00000003355	817.566110736874	726.829914726448	822.274536778855	1345.79472244881	1384.43539303376	1315.7013348336
ENSMUSG00000003402	2990.67225885116	2841.51612753138	3032.63630736765	3386.50194027303	3375.01226864671	3310.4743263555
ENSMUSG00000003458	1921.47318242758	1891.35301541299	1926.95646907763	2147.9113493422	2212.21024084174	2259.77656486368
ENSMUSG00000003526	623.779803828723	639.0918728939	622.69333853156	974.408981118696	987.557041345007	901.633251487067
ENSMUSG00000003617	241.027744910635	215.357011770799	288.394831467341	690.126596646935	596.863806825427	508.268572307864
ENSMUSG00000003810	4318.25307781894	4008.03327462321	4319.9350360627	4750.48307789007	5030.56196426267	5120.9870207882
ENSMUSG00000004038	26.9951074299911	34.8958120924907	36.9225216757496	89.0177163497434	85.5607875069265	81.7784464609394
ENSMUSG00000004540	137.867870088883	131.607062748822	123.740342913323	265.138789557838	225.756776674902	255.687041466482
ENSMUSG00000004542	7.71288783714032	2.99106960792777	8.98115392112827	35.4156505907581	34.0181444304648	32.090276459356
ENSMUSG00000004668	8.67699881678286	11.9642784317111	7.9832479298918	176.121073208094	172.152427875382	173.908595005542
ENSMUSG00000004880	3205.66900731144	3307.12596316547	3274.12955724687	4014.41185344972	3769.82891461241	3941.92815345895
ENSMUSG00000004896	1269.73416018922	1177.4844023209	1214.45159133479	1441.51269701843	1478.24300343292	1578.63456775864
ENSMUSG00000004931	513.871152149474	464.612812431447	531.883893329041	670.983001733012	673.14691857859	657.333082312615
ENSMUSG00000004952	67.4877685749778	63.8094849691258	41.9120516319319	207.708004816068	160.813046398561	165.627233338612
ENSMUSG00000005125	5876.25642092128	6025.01121356917	6767.79843256577	7455.47303922743	8113.84287309661	8018.42843400553
ENSMUSG00000005371	3680.01160929557	3772.73579879956	3450.75891769573	4439.39966053882	4183.20091208563	4185.19315242504
ENSMUSG00000005397	3463.086638876	3632.15552722696	3512.62908915239	4645.19330586349	4647.08469977379	4849.77242619622
ENSMUSG00000005656	2606.95608895343	2707.91501837727	2840.04045105901	3194.1088113881	3115.23734754135	3010.27496592926
ENSMUSG00000005667	6305.28580686221	6277.25808383775	5503.45154166916	8001.06549427425	8145.79931180401	7464.61237252955
ENSMUSG00000006362	88.6982101271137	89.7320882378331	94.8010691674651	177.078252953791	182.460956490675	213.245062923462
ENSMUSG00000006403	53.0261038803397	31.9047424845629	29.9371797370942	87.103356858351	119.578931937391	79.7081060442068
ENSMUSG00000006589	3603.84684190381	3311.11405597604	3596.45319241625	3965.59568641921	4369.78528002243	3907.76753658287
ENSMUSG00000006728	5290.07694529862	5180.5325609309	5457.54786607228	5745.95001341408	6148.00646616036	6040.21816581749
ENSMUSG00000006777	1901.22685185509	1892.35003861564	1916.97740916527	3254.41113536696	3316.25365553955	2960.58679592768
ENSMUSG00000006930	19.2822195928508	4.98511601321295	2.99371797370942	44.0302683020236	84.5299346453972	50.7233402099498
ENSMUSG00000006941	276.699851157409	285.148635955781	310.348763274544	382.871898278466	462.852934826626	411.997742929796
ENSMUSG00000007038	2729.39818336803	2621.17399974737	2655.42784268026	3082.11878114165	3212.1375165251	3114.82715697426
ENSMUSG00000007476	517.727596068044	540.386575832284	508.932055530602	762.872257319844	744.275766024107	707.021252314198
ENSMUSG00000007594	303.6949585874	359.925376153975	439.078636144049	548.463994283903	535.012635133673	445.123189597518
ENSMUSG00000007872	47.2414380024845	34.8958120924907	37.920427666986	102.41823278949	108.23955046057	101.4466804199
ENSMUSG00000008035	1349.75537149956	1206.39807519753	1256.36364296672	1485.54296532045	1571.01976097055	1480.29339796384
ENSMUSG00000008734	1.92822195928508	2.99106960792777	5.98743594741885	49.7733467762006	28.8638801228186	41.4068083346529
ENSMUSG00000009545	17.3539976335657	20.9374872554944	26.9434617633848	58.3879644874661	56.6969073841079	45.5474891681182
ENSMUSG00000009681	1449.05880240274	1405.80271572605	1459.93646517896	1640.60608412323	1727.709395923	1638.67443984389
ENSMUSG00000009687	20.2463305724933	18.9434408502092	8.98115392112827	88.0605366040472	103.085286152923	94.2004889613353
ENSMUSG00000009828	2343.75379151101	2460.65326412191	2340.08954944953	3039.04569258533	3019.36803141913	2711.1107757114
ENSMUSG00000010095	12325.1947637502	12054.0105199489	10658.6338923968	16373.5167298786	16733.8345012041	14459.2574704608
ENSMUSG00000010110	1026.7781933193	994.032133034662	1067.75941062303	1224.2328947454	1220.52978805061	1208.0436331635
ENSMUSG00000010307	491.696599617695	537.395506224356	502.944619583183	953.351026713381	993.742158514182	867.472634610978
ENSMUSG00000010609	7.71288783714032	2.99106960792777	3.9916239649459	116.775928974932	105.146991875982	84.8839570860384
ENSMUSG00000013846	1078.84018622	1191.4427271579	1116.65680419362	1522.8729754026	1508.13773641727	1628.32273776022
ENSMUSG00000014773	6.74877685749778	8.97320882378331	0	68.9169416901239	94.8384632606896	62.1102125019793
ENSMUSG00000014778	716.334457874407	581.26452714063	616.705902584141	806.902525621867	812.312054885037	830.20650710979
ENSMUSG00000015134	855.166438942933	878.377441528122	925.058853876212	1198.3890416116	1177.23396786639	1197.69193107983
ENSMUSG00000015290	721.15501277262	756.740610805726	747.431587436119	875.819467311991	988.587894206536	887.140868569938
ENSMUSG00000015363	1124.1534022632	1107.69277813592	1187.5081295714	1505.64373998007	1624.62410977007	1486.50441921404
ENSMUSG00000015533	1068.23496544393	1055.8475715985	877.159366296861	2727.96227523407	2470.95430908558	2660.38743550145
ENSMUSG00000015714	6692.85842067851	7202.49561589007	7168.95664104283	8039.35268410209	8313.82832823328	8072.25728484058
ENSMUSG00000017418	1294.80104565993	1382.87118206527	1175.53325767657	1636.77736514044	1501.9526192481	1529.98156796542
ENSMUSG00000017466	5264.04594884827	5199.47600178111	5519.41803752894	5903.88467145395	6107.80320456072	5778.32010310081
ENSMUSG00000017897	3614.45206267988	3563.36092624462	3507.63955919621	4620.30663247539	4923.35326666363	4536.11585306122
ENSMUSG00000018377	2261.8043582414	2324.06108535988	2306.16074574749	2646.6019968499	2613.21200397661	2770.11547758828
ENSMUSG00000018378	166.791199478159	114.657668303898	152.679616659181	360.856764127454	422.649673226986	431.665976888756
ENSMUSG00000018983	666.200686932995	528.422297400573	577.787568925919	771.486875031109	856.638727930794	798.116230650434
ENSMUSG00000019055	440.598717696641	430.714023541599	478.994875793508	648.010687836304	744.275766024107	683.212337521773
ENSMUSG00000019188	5246.6919512147	4971.15768837595	5467.52692598464	5738.29257544851	6237.6906651134	5888.04814518764
ENSMUSG00000019302	4420.44884166104	4288.19679456578	4255.07114663233	4798.34206517488	5050.14816863172	4717.27063952533
ENSMUSG00000019528	704.765126118697	698.913265052456	743.439963471174	874.862287566295	910.243076730314	886.105698361572
ENSMUSG00000019579	1995.70972786006	1883.37682979185	2020.75963225386	2282.87369348535	2376.11584582489	2154.18920361032
ENSMUSG00000019710	1804.81575389083	1636.11507553649	1550.74591038148	2070.37978994081	1961.71299549013	2151.08369298522
ENSMUSG00000019731	2289.76357665103	2333.03429418366	2447.86339650307	2848.56692319179	2787.42613757505	2522.70979778873
ENSMUSG00000019838	103.159874821752	137.589201964677	133.719402825688	252.695452863788	273.176008305247	232.913296882422
ENSMUSG00000019891	831.063664451869	900.311951986259	868.178212375733	1085.44183161945	1009.20495143712	1067.26048482568
ENSMUSG00000020021	1504.977239222	1568.31749775679	1630.5783896804	1867.45768385322	1700.90722152324	1953.36618318725
ENSMUSG00000020108	847.453551105792	652.053174528254	684.563509988222	1037.58284433464	1259.70219678872	1120.05416545236
ENSMUSG00000020142	3441.87619732387	3324.0753576104	3168.35152217581	4606.90611603564	4331.64372414584	4085.81681242187
ENSMUSG00000020182	925.546540456838	989.04701702145	1066.76150463179	2373.80576932649	2358.59134717889	2344.66052194972
ENSMUSG00000020230	464.701492187704	460.624719620877	526.894363372859	581.965285383269	743.244913162578	664.579273771179
ENSMUSG00000020231	814.673777797946	786.651306885004	732.462997567572	1083.52747212806	1121.56791334381	1152.14444191172
ENSMUSG00000020303	3246.16166845643	3141.6201115268	2889.93575062083	4457.58607570704	4453.28436180629	3987.47564262707
ENSMUSG00000020346	799.248002123666	737.797169955517	787.347827085579	993.55257603262	971.063395560539	869.542975027711
ENSMUSG00000020368	18005.7366558041	19303.3662263632	18563.0472489809	20952.6646332891	20159.3585600657	20298.6526158552
ENSMUSG00000020407	278.628073116694	283.154589550496	345.27547296782	468.060895645425	425.742231811574	430.63080668039
ENSMUSG00000020484	2697.58252103983	2912.30477491901	2930.84989626153	3521.46428441619	3555.41151941433	3494.7346234447
ENSMUSG00000020577	541.830370559107	462.618766026162	517.91320945173	1442.46987676412	1404.02159740282	1356.07297295988
ENSMUSG00000020581	13.4975537149956	7.97618562114072	21.9539318072024	113.904389737844	114.424667629745	83.8487868776721
ENSMUSG00000020610	1200.31816965496	1320.05872029879	1376.1123619151	1542.97375006222	1544.21758657079	1536.19258921562
ENSMUSG00000020614	0	0	1.99581198247295	90.9320758411357	94.8384632606896	90.05980812787
ENSMUSG00000020680	5673.79311519635	5993.10647108461	5245.99179593015	6451.39148599216	6495.40388049571	6199.6343779059
ENSMUSG00000020682	494.588932556623	388.83904903061	378.206370678624	659.496844784658	734.998090270344	609.715252727764
ENSMUSG00000020700	1553.18278820413	1494.53778076124	1579.68518412734	1730.58098021867	1834.91809352204	1844.67331130879
ENSMUSG00000020715	1550.2904552652	1473.60029350575	1307.25684851978	2066.55107095802	1879.2447665678	1749.43765213908
ENSMUSG00000020747	1716.11754376372	1446.6806670344	1593.65586800465	2101.00954180308	2255.50606102597	2161.43539506888
ENSMUSG00000020758	1879.05229932331	1893.34706181828	1726.3773648391	2567.15607795712	2659.60038274543	2580.67932945724
ENSMUSG00000020776	2334.11268171459	2344.00154941273	2195.39318072024	3107.00545452975	3130.70014046429	3201.78145447703
ENSMUSG00000020788	927.474762416123	859.434000677913	830.257784708747	1175.41672771489	1180.32652645097	1221.50084587226
ENSMUSG00000020806	239.09952295135	240.282591836864	200.579104238531	503.476546236183	655.622419932593	544.499529600685
ENSMUSG00000020823	4577.59893134278	4514.52106156565	4498.56020849403	5005.09289024525	5149.11004333853	4982.27421286711
ENSMUSG00000020841	10885.7770711439	11058.9813637116	9978.06200637351	14088.7286769019	12608.3613493641	14352.6349389991
ENSMUSG00000020844	318.156623282038	292.127798374279	299.371797370942	489.118850050741	588.616983933193	511.374082932963
ENSMUSG00000020886	2.89233293892762	2.99106960792777	0	18.1864151682271	22.6787629536432	21.7385743756928
ENSMUSG00000020894	1115.47640344642	1024.93985231658	960.983469560725	1306.55035287527	1277.22669543472	1433.71073858736
ENSMUSG00000020900	168.719421437444	176.473106867738	142.700556746816	318.740855316823	329.872915689355	299.164190217867
ENSMUSG00000021036	2515.36554588739	2494.55205301176	2448.86130249431	3222.82420375899	2955.45515400432	2896.40624300897
ENSMUSG00000021094	707.657459057624	678.972800999604	620.697526549087	991.638216541227	971.063395560539	864.367123985879
ENSMUSG00000021127	846.48944012615	801.606654924642	808.303852901544	1066.29823670553	1052.50077162135	1123.15967607746
ENSMUSG00000021136	0.96411097964254	5.98213921585554	2.99371797370942	15.3148759311386	16.4936457844678	23.8089147924254
ENSMUSG00000021182	641.133801462289	792.633446100859	633.670304435161	1104.58542653337	1110.22853186699	1042.41639982489
ENSMUSG00000021185	50.1337709414121	69.7916241849813	52.8890175355332	158.891837785563	130.918313414213	130.431446254157
ENSMUSG00000021186	0	0.99702320264259	0.997905991236475	9.57179745696165	15.4627929229385	11.3868722920295
ENSMUSG00000021196	4196.77509438398	4041.93206351306	3997.61140089332	4647.10766535488	4663.57834555826	4557.85442743692
ENSMUSG00000021208	916.869541640055	825.535211788065	883.14680224428	1797.5835624174	1747.29560029205	1875.72841755978
ENSMUSG00000021211	1065.34263250501	1213.37723761603	1225.42855723839	2604.48608803927	2679.18658711448	2566.18694654011
ENSMUSG00000021213	1267.80593822994	1287.15695461158	1326.21706235327	3354.91500866506	3469.8507319074	3064.10381676431
ENSMUSG00000021216	29.8874403689187	14.9553480396389	22.9518377984389	85.1889973669587	86.5916403684557	81.7784464609394
ENSMUSG00000021281	1119.33284736499	1010.98152747959	965.972999516907	1796.6263826717	1870.99794367556	1769.10588609804
ENSMUSG00000021285	781.8940044901	704.895404268311	775.372955190741	1009.82463170945	1060.74759451358	1111.77280378543
ENSMUSG00000021306	386.608502836658	398.809281057036	420.118422310556	555.164252503776	554.598839502728	531.042316891923
ENSMUSG00000021366	800.212113103308	868.407209501696	685.561415979458	969.623082390216	975.186807006656	1021.71299565756
ENSMUSG00000021453	237.171300992065	275.178403929355	293.384361423524	389.572156498339	383.477264488875	355.063381469649
ENSMUSG00000021477	5563.8844635171	5789.71373774552	5729.97620167984	6795.01901469708	6724.2532157552	6538.13503604169
ENSMUSG00000021484	3158.42756930896	2980.1023526987	3287.10233513295	3870.83489159529	4027.54212999472	3542.35245302955
ENSMUSG00000021556	11474.8488797055	11696.0791902002	11779.2823205553	12902.7829719843	12890.8150334231	12632.1820526942
ENSMUSG00000021557	871.556325596856	938.198833686677	916.077699955084	1177.33108720628	1165.89458638956	1144.89825045315
ENSMUSG00000021745	126.298538333173	178.467153273024	158.667052606599	332.141371756569	291.731359812773	286.742147717471
ENSMUSG00000021822	177.396420254227	154.538596409601	165.652394545255	391.486515989732	358.736795812174	358.168892094747
ENSMUSG00000021831	8336.66764096904	9280.29197019723	8815.50152658302	12748.6770329272	12644.4411995176	13118.7120506264
ENSMUSG00000021866	2301.33290840674	2185.47486019256	2227.32617243981	3384.58758078164	3557.47322513739	3344.63494323159
ENSMUSG00000021871	821.422554655444	738.794193158159	870.174024358206	1150.53005432679	1258.6713439272	1203.90295233003
ENSMUSG00000021876	687.411128485131	693.928149039243	632.672398443925	914.106657139838	893.749430945847	962.70829378068
ENSMUSG00000021901	1344.93481660134	1343.98727716221	1516.81710667944	1662.62121827424	1697.81466293865	1625.21722713513
ENSMUSG00000021944	1262.98538333173	1223.34746964246	1357.15214808161	1441.51269701843	1681.32101715418	1458.55482358815
ENSMUSG00000021990	420.352387124147	430.714023541599	396.16867852088	832.746378755664	827.774847807976	731.86533731499
ENSMUSG00000022094	1154.04084263212	1257.24625853231	1278.31757477392	1637.73454488614	1596.79108250878	1516.52435525666
ENSMUSG00000022102	1208.99516847174	1096.72552290685	1155.57513785184	1709.52302581335	1785.43715616863	1628.32273776022
ENSMUSG00000022136	2071.87449525182	2272.21587882246	2218.34501851868	2725.09073599698	2573.00874237697	2693.51288216917
ENSMUSG00000022225	2.89233293892762	5.98213921585554	0.997905991236475	21.0579544053156	21.6479100921139	27.9495956258907
ENSMUSG00000022228	960.25453572397	975.088692184453	865.184494402023	1234.76187194805	1085.48806319028	1230.81737774756
ENSMUSG00000022241	5240.90728533685	5723.91020637111	4911.69328886593	6347.05889371127	6209.85763785211	5729.66710330759
ENSMUSG00000022246	1766.25131470513	1866.42743534693	1764.29779250609	2539.39786533193	2465.80004477793	2694.54805237754
ENSMUSG00000022365	1128.00984618177	1134.61240460727	1046.80338480706	1375.46729456539	1362.78748294165	1251.52078191488
ENSMUSG00000022369	1286.12404684315	1459.64196866875	1152.58141987813	1550.63118802779	1614.31558115478	1569.31803588334
ENSMUSG00000022462	9540.84225454257	9663.14888001198	8560.03759282648	12924.7981061353	12126.9530630299	12370.2839899775
ENSMUSG00000022469	48.205548982127	36.8898584977758	41.9120516319319	136.876703634552	143.288547752564	136.642467504355
ENSMUSG00000022475	2273.37368999711	1946.18929155834	2013.77429031521	3886.14976752643	3987.33886839508	3815.63738803826
ENSMUSG00000022505	1059.55796662715	1073.79398924607	1094.70287238641	1529.57323362247	1505.04517783268	1499.9616319228
ENSMUSG00000022564	3206.63311829109	2791.66496739925	3027.64677741146	4660.50818179463	4991.38955552456	4908.7771280731
ENSMUSG00000022565	3762.92515354483	3613.21208637675	3063.57139309598	4093.8577723425	3967.75266402602	4254.54955638558
ENSMUSG00000022575	1072.0914093625	1140.59454382312	1110.6693682462	1324.73676804349	1313.30654558825	1261.87248399855
ENSMUSG00000022583	70.3801015139054	60.818415361198	63.8659834391344	283.325204726065	323.68779852018	287.777317925838
ENSMUSG00000022587	80.0212113103308	39.8809281057036	89.8115392112827	3425.74630984658	3879.09931793451	3823.91874970519
ENSMUSG00000022594	101.231652862467	58.8243689559128	104.78012907983	168.463635242525	177.306692183028	124.220425003959
ENSMUSG00000022676	113.76509559782	164.508828436027	112.763377009722	279.49648574328	282.45368405901	214.280233131829
ENSMUSG00000022680	3291.47488449963	3337.03665924475	3509.63537117868	3786.60307397403	3984.24630981049	3789.75813282911
ENSMUSG00000022704	832.027775431512	868.407209501696	797.326886997943	1018.43924942072	1061.77844737511	1005.1502723237
ENSMUSG00000022707	315.264290343111	375.877747396256	395.170772529644	516.877062675929	540.166899441319	663.544103562812
ENSMUSG00000022793	0	0	1.99581198247295	16.2720556768348	19.5862043690555	6.21102125019793
ENSMUSG00000022817	617.031026971226	576.279411127417	552.839919145007	821.26022180731	800.972673408215	729.794996898257
ENSMUSG00000022822	3699.29382888843	3573.33115827104	3450.75891769573	5086.45316862942	4526.47491497487	4921.1991705735
ENSMUSG00000022836	408.783055368437	404.791420272892	410.139362398191	614.509396736938	594.802101102369	591.08218897717
ENSMUSG00000022885	402.998389490582	348.958120924907	366.231498783786	482.418591830867	493.778520672503	548.640210434151
ENSMUSG00000022892	6498.10800279072	6496.60318841912	6217.95223139447	7980.96471961463	7608.72497094728	7351.77881981762
ENSMUSG00000022895	1302.51393349707	1382.87118206527	1355.15633609913	7044.84292832378	7008.76860553727	6610.59695062733
ENSMUSG00000022899	42.4208831042718	51.8452065374147	36.9225216757496	90.9320758411357	89.6841989530434	87.9894677111374
ENSMUSG00000022900	44.3491050635568	49.8511601321295	24.9476497809119	114.86156948354	144.319400614093	142.853488754552
ENSMUSG00000023000	308.515513485613	289.136728766351	358.248250853894	448.917300731502	473.161463441919	512.409253141329
ENSMUSG00000023009	52.0619929006971	40.8779513083462	35.9246156845131	93.8036150782242	90.7150518145727	86.9542975027711
ENSMUSG00000023018	1147.29206577462	1067.81185003021	1143.600265957	1349.62344143159	1385.46624589529	1302.24412212483
ENSMUSG00000023022	7360.98732957079	7774.78693420692	7500.26143013334	8786.9100654908	8696.27473986062	8783.41921798824
ENSMUSG00000023045	602.569362276587	528.422297400573	449.057696056414	775.315594013894	867.978109407616	739.111528773554
ENSMUSG00000023067	629.564469706579	605.193084004052	689.553039944404	871.990748329207	940.137809714662	938.899378988254
ENSMUSG00000023175	13929.4754338754	13078.9503722655	14376.8316157439	15356.9918399493	16399.8381740686	15940.586038633
ENSMUSG00000023805	770.324672734389	804.59772453257	753.419023383538	1173.5023682235	1091.67318035946	1148.00376107825
ENSMUSG00000023809	0	0	0	10.5289772026578	6.18511716917541	10.3517020836632
ENSMUSG00000023883	4646.0508108974	4715.91974849945	4141.30986363137	6481.06405810874	6433.55270880395	6039.18299560912
ENSMUSG00000023908	1153.07673165248	968.109529765955	1011.87667511379	1192.64596313742	1305.05972269601	1355.03780275152
ENSMUSG00000023909	1232.13383198317	1207.39509840018	1289.29454067753	1539.14503107943	1695.75295721559	1555.86082317458
ENSMUSG00000023942	4537.10627019779	4162.57187103281	4605.33614955633	5179.29960396195	5426.40946308989	5255.55914787582
ENSMUSG00000023951	4556.38848979064	4259.28312168915	3845.92969022537	5758.39335010813	5754.22067305619	5795.91799664304
ENSMUSG00000023952	1193.56939279746	1086.75529088042	993.914367271529	1537.23067158804	1615.34643401631	1600.37314213433
ENSMUSG00000023977	3066.83702624292	3023.97137361498	2658.42156065397	3425.74630984658	3538.91787362986	3843.58698366415
ENSMUSG00000023994	1396.99680950204	1428.73424938683	1494.86317487224	1722.9235422531	1763.78924607652	1671.79988651161
ENSMUSG00000024142	832.027775431512	781.666190871791	815.2891948402	997.381295015404	992.711305652653	1006.18544253207
ENSMUSG00000024180	199.570972786006	196.41357092059	212.553976133369	286.196743963153	276.268566889835	299.164190217867
ENSMUSG00000024193	474.34260198413	387.842025827968	444.068166100231	539.849376572637	589.647836794722	551.74572105925
ENSMUSG00000024222	3970.20901416798	3891.38155991403	4038.52554653401	4464.28633392692	4453.28436180629	4425.35264076603
ENSMUSG00000024236	409.747166348079	405.788443475534	376.210558696151	548.463994283903	491.716814949445	591.08218897717
ENSMUSG00000024299	55.9184368192673	53.8392529426999	53.8869235267696	156.020298548475	91.7459046761019	163.556892921879
ENSMUSG00000024304	2266.62491313961	2432.73661444792	2435.88852460823	2745.1915106566	2746.19202311388	2660.38743550145
ENSMUSG00000024327	2793.02950802444	2812.60245465475	2867.98181881363	3412.34579340683	3275.01954107838	3245.25860322842
ENSMUSG00000024349	98.3393199235391	83.7499490219776	84.8220092551003	271.839047777711	329.872915689355	315.726913551728
ENSMUSG00000024388	2715.90062965303	2622.17102295001	2747.23519387401	3260.15421384114	3469.8507319074	3388.11209198297
ENSMUSG00000024427	427.101163981645	418.749745109888	426.105858257975	697.784034612505	726.751267378111	704.950911897465
ENSMUSG00000024451	1417.24314007453	1312.08253467765	1411.03907160838	4195.31882538629	4194.54029356246	4133.43464200672
ENSMUSG00000024457	2191.42425672749	2084.77551672566	1994.81407648171	4383.88323528844	4358.4458985456	4271.11227971944
ENSMUSG00000024459	7.71288783714032	2.99106960792777	9.97905991236475	31.5869316079735	55.6660545225787	35.1957870844549
ENSMUSG00000024462	1654.4144410666	1444.68662062911	1282.30919873887	2459.95194643915	2328.69661419454	2643.82471216759
ENSMUSG00000024493	3771.60215236162	3736.84296350443	3095.50438481554	4793.5561664464	4572.86329374369	4247.30336492702
ENSMUSG00000024524	193.78630690815	204.389756541731	229.518377984389	405.844212175174	398.940057411814	372.661275011876
ENSMUSG00000024525	429.02938594093	432.708069946884	447.061884073941	574.307847417699	557.691398087316	621.102125019793
ENSMUSG00000024594	756.827119019394	764.716796426867	730.467185585099	899.748960954396	919.520752484077	984.446868156372
ENSMUSG00000024600	6.74877685749778	3.98809281057036	6.98534193865532	102.41823278949	93.8076103991604	68.3212337521773
ENSMUSG00000024640	10832.7509672636	10556.4816695797	10170.6578626821	14142.3307426608	13883.5263390757	13152.8726675025
ENSMUSG00000024659	3053.33947252792	3435.74195630637	3203.27823186908	4476.72967062097	4327.52031269973	4159.31389721588
ENSMUSG00000024661	30569.066831526	29943.5978449649	33172.3909606829	35598.4719221861	37156.0605409597	38125.3187741316
ENSMUSG00000024730	569.789588968741	525.431227792645	581.779192890865	806.902525621867	839.114229284797	746.357720232118
ENSMUSG00000024747	583.287142683737	689.940056228672	584.772910864574	820.303042061614	795.818409100569	736.006018148455
ENSMUSG00000024754	1109.69173756856	1161.53203107862	1045.80547881583	1413.75448439324	1339.07786712648	1418.18318546186
ENSMUSG00000024776	764.540006856534	723.83884511852	726.475561620153	1050.02618102869	1174.1414092818	910.949783362364
ENSMUSG00000024807	1528.11590273343	1408.79378533398	1385.09351583623	1588.91837785563	1699.87636866171	1797.05548172394
ENSMUSG00000024812	10640.8928823147	10571.4370176194	10316.3521374027	12199.2558588976	11871.3015533707	12650.8151164448
ENSMUSG00000024843	3969.24490318834	3779.71496121806	3526.5997730297	4369.525539103	4268.76169959256	4199.68553534217
ENSMUSG00000024883	2428.59555771956	2403.82294157128	2293.18796786142	3013.20183945153	3057.50958729571	2584.82001029071
ENSMUSG00000024887	231.38663511421	237.291522228936	186.608420361221	473.803974119602	433.989054703808	436.841827930588
ENSMUSG00000024913	240.063633930992	238.288545431579	215.547694107079	357.985224890366	413.371997473223	440.982508764053
ENSMUSG00000025007	5869.50764406378	5715.93402074997	4986.53623820866	7188.4198901782	7582.95364940905	6533.99435520822
ENSMUSG00000025059	2624.31008658699	2785.6828281834	2709.31476620703	3441.06118577771	3085.342614557	3107.5809655157
ENSMUSG00000025130	31884.1142077584	33116.1256757736	34549.5012285892	42534.1963595005	43394.7820589347	41387.1401006939
ENSMUSG00000025140	377.931504019876	429.717000338956	328.3110711168	586.751184111749	596.863806825427	452.369381056083
ENSMUSG00000025314	914.94131968077	974.091668981811	836.245220656166	1142.87261636122	1029.82200866771	1185.26988857944
ENSMUSG00000025323	406.854833409152	410.773559488747	374.214746713678	669.06864224162	582.431866764018	610.75042293613
ENSMUSG00000025348	33.7438842874889	29.9106960792777	21.9539318072024	79.4459188927817	49.4809373534033	59.0047018768804
ENSMUSG00000025366	1283.23171390422	1155.54989186276	1129.62958207969	1727.70944098158	1673.07419426195	1529.98156796542
ENSMUSG00000025371	1126.08162422249	1089.74636048835	1156.57304384307	1382.16755278526	1521.53882361715	1363.31916441845
ENSMUSG00000025403	6635.9758728796	5989.11837827404	5891.63697226015	7852.70263369134	8269.50165518752	7708.912541704
ENSMUSG00000025408	358.649284427025	362.916445761903	323.321541160618	691.083776392631	696.856534393763	555.886401892715
ENSMUSG00000025423	47.2414380024845	31.9047424845629	53.8869235267696	88.0605366040472	108.23955046057	72.4619145856425
ENSMUSG00000025575	4610.37870465062	4367.95865077719	4570.40943986305	5016.5790471936	5092.41313595442	5128.23321224676
ENSMUSG00000025860	2218.41936415748	2456.66517131134	2253.27172821196	2823.68024980369	2781.24102040588	2891.23039196714
ENSMUSG00000025885	31.8156623282038	31.9047424845629	14.9685898685471	73.7028404186047	71.1288474455172	75.5674252107415
ENSMUSG00000025902	1468.34102199559	1212.38021441339	1269.3364208528	1747.8102156412	1607.09961112408	1617.97103567656
ENSMUSG00000026047	792.499225266168	942.186926497248	813.293382857727	1153.40159356388	1076.21038743652	1041.38122961652
ENSMUSG00000026068	4.8205548982127	8.97320882378331	13.9706838773106	39.2443695735428	43.2958201842279	28.984765834257
ENSMUSG00000026107	1251.41605157602	1434.71638860269	1365.1353960115	1788.01176496044	1546.27929229385	1531.01673817379
ENSMUSG00000026110	311.40784642454	340.981935303766	300.369703362179	666.197103004531	585.524425348605	663.544103562812
ENSMUSG00000026123	2536.57598743952	2497.54312261969	2586.57232928494	2813.15127260103	2864.74010218974	3000.95843405397
ENSMUSG00000026142	1493.40790746629	1596.23414743079	1499.85270482842	1856.92870665056	1953.4661725979	1836.39194964186
ENSMUSG00000026149	459.880937289491	394.821188246466	339.288037020401	848.061254686803	694.794828670704	643.875869603852
ENSMUSG00000026166	213.068526501001	166.502874841313	187.606326352457	572.393487926307	490.685962087916	464.791423556479
ENSMUSG00000026311	333.582398956319	269.196264713499	267.438805651375	453.703199459982	393.785793104168	361.274402719846
ENSMUSG00000026321	273.807518218481	291.130775171636	264.445087677666	443.174222257325	421.618820365457	435.806657722222
ENSMUSG00000026360	1.92822195928508	3.98809281057036	2.99371797370942	98.589513806705	104.116139014453	79.7081060442068
ENSMUSG00000026365	0.96411097964254	7.97618562114072	0.997905991236475	50.7305265218968	85.5607875069265	67.2860635438109
ENSMUSG00000026414	148.473090864951	189.434408502092	216.545600098315	394.35805522682	324.718651381709	356.098551678015
ENSMUSG00000026456	1411.45847419668	1234.31472487153	1251.37411301054	1788.96894470613	1686.47528146183	1700.78465234587
ENSMUSG00000026483	4358.74573896392	4610.23528901934	4090.41665807831	5044.33725981879	4980.05017404773	4785.59187327751
ENSMUSG00000026502	886.017990291494	975.088692184453	947.012785683414	1165.84493025793	1156.6169106358	1123.15967607746
ENSMUSG00000026615	8005.97757495165	8183.56644729038	7080.14300782279	9630.18542144912	8783.89723309061	8975.96087674438
ENSMUSG00000026657	472.414380024844	587.246666356486	569.804320996027	688.212237155543	696.856534393763	714.267443772762
ENSMUSG00000026663	3222.05889396537	3208.42066610386	2958.79126401615	4005.79723573845	3829.61838058111	3782.51194137054
ENSMUSG00000026674	58.8107697581949	90.7291114404757	58.876453482952	225.894419984295	172.152427875382	157.345871671681
ENSMUSG00000026700	46.2773270228419	56.8303225506276	40.9141456406955	110.075670755059	91.7459046761019	98.3411697948006
ENSMUSG00000026701	3044.66247371114	3129.65583309509	3131.42900050006	3527.20736289037	3684.26812710549	3534.07109136262
ENSMUSG00000026764	187.037530050653	192.42547811002	176.629360448856	833.70355850136	740.152354577991	733.935677731722
ENSMUSG00000026819	383.716169897731	329.017656872055	374.214746713678	467.103715899729	473.161463441919	514.479593558062
ENSMUSG00000026880	4372.24329267892	4510.53296875508	4751.03042427686	5459.75326945093	5406.82325872084	5324.91555183636
ENSMUSG00000026883	2150.93159558251	2060.84695986223	2189.40574477283	2645.6448171042	2765.77822748294	2780.46717967194
ENSMUSG00000027030	1270.69827116887	1373.89797324149	1318.23381442338	1721.00918276171	1696.78381007712	1705.9605033877
ENSMUSG00000027230	67.4877685749778	76.7707866034795	51.8911115442967	141.662602363032	126.794901968096	159.416212088414
ENSMUSG00000027276	2103.69015758002	2199.43318502955	2057.68215392961	2769.12100429901	2615.27370969967	2603.4530740413
ENSMUSG00000027282	2690.83374418233	2756.76915530676	2870.97553678734	3375.97296307038	3267.80357104767	3352.91630489852
ENSMUSG00000027313	716.334457874407	706.889450673596	621.695432540324	987.809497558443	1058.68588879052	864.367123985879
ENSMUSG00000027332	1116.44051442606	1051.85947878793	1049.79710278077	1400.35396795349	1414.33012601811	1337.43990920929
ENSMUSG00000027351	1692.01476927266	1981.08510365083	1670.49462932986	2134.51083290245	2096.75472035046	2097.25484215017
ENSMUSG00000027381	468.557936106274	464.612812431447	490.969747688345	611.63785749985	595.832953963898	686.317848146872
ENSMUSG00000027397	1095.23007287393	1148.57072944426	1110.6693682462	1267.30598330172	1278.25754829625	1432.67556837899
ENSMUSG00000027422	9000.94010594275	9043.99747117094	8720.70045741555	10177.6922359873	9735.37442428209	10094.9798719884
ENSMUSG00000027465	2158.64448341965	1998.03449809575	2056.68424793837	2328.81832127877	2488.47880773157	2386.06733028437
ENSMUSG00000027495	77.1288783714032	62.8124617664832	85.8199152463368	130.176445414679	117.517226214333	145.958999379651
ENSMUSG00000027550	547.615036436963	600.207967990839	635.666116417634	821.26022180731	815.404613469625	781.553507316573
ENSMUSG00000027580	1070.16318740322	920.252416039111	881.150990261807	1197.4318618659	1148.37008774357	1228.74703733082
ENSMUSG00000027611	1919.5449604683	1736.81441900339	1795.23287823442	2205.34213408396	2185.40806644198	2285.65582007284
ENSMUSG00000027620	7087.17981135231	7356.03718909703	6717.90313300395	8185.80118519361	7683.97722983892	7993.58434900474
ENSMUSG00000027642	11988.720031855	11979.2337797507	12621.5149771589	13600.5670065968	14171.1342874424	13938.5668556525
ENSMUSG00000027678	3590.34928818882	3453.68837395393	3222.23844570258	4115.87290649351	4020.32615996402	4080.64096138004
ENSMUSG00000027695	683.554684566561	673.987684986391	557.829449101189	891.13434324313	884.471755192083	838.487868776721
ENSMUSG00000027808	5605.34123564173	6718.93936260842	6253.87684707899	8069.02525621867	7531.41100633259	7396.29113877737
ENSMUSG00000027828	14098.1948553129	15859.6480844357	15185.1354686454	17660.9234878399	16682.2918581276	16231.4688671839
ENSMUSG00000027829	1952.32473377614	1874.40362096807	1757.31245056743	2190.02725815283	2043.15037155094	2270.12826694734
ENSMUSG00000027858	1110.65584854821	1261.23435134288	1228.4222752121	2159.39750629055	2091.60045604282	2019.61707652269
ENSMUSG00000027864	6840.36740056382	6799.69824202246	6775.78168049566	8131.24193968893	8074.6704643585	8061.90558275692
ENSMUSG00000027900	1969.67873140971	2257.26053078282	2174.43715490428	2839.95230548052	2784.33357899046	2662.45777591818
ENSMUSG00000027901	737.544899426543	669.002568973178	718.492313690262	845.189715449714	865.916403684557	878.859506903008
ENSMUSG00000027944	1636.09633245339	1697.93051410033	1595.65167998712	2025.39234189309	2060.67487019694	1799.12582214067
ENSMUSG00000027997	268.022852340626	266.205195105572	286.399019484868	337.884450230746	421.618820365457	408.892232304697
ENSMUSG00000028044	2952.10781966546	3116.69453146074	3148.39340235108	3580.80942864936	3586.33710526021	3575.47789969728
ENSMUSG00000028064	1641.88099833125	1589.25498501229	1582.67890210105	2282.87369348535	2329.72746705607	2253.56554361348
ENSMUSG00000028108	314.300179363468	329.017656872055	381.200088652333	508.262444964664	544.290310887436	591.08218897717
ENSMUSG00000028163	1846.27252601546	1765.72809188003	1714.40249294426	2168.96930374751	2153.45162773457	2093.1141613167
ENSMUSG00000028179	1247.55960765745	1344.98430036485	1035.82641890346	2972.04311038659	3110.0830832337	2200.7718629868
ENSMUSG00000028217	17520.7888330439	18449.9143649011	18149.914168609	20586.0647906874	20507.7868272626	20776.9012521205
ENSMUSG00000028465	3779.31504019876	3558.3758102314	3135.420624465	4688.26639441982	4743.98486875754	5016.4348297432
ENSMUSG00000028517	518.691707047686	516.458018968862	564.814791039845	867.204849600726	893.749430945847	787.764528566771
ENSMUSG00000028527	749.114231182253	691.934102633958	855.205434489659	923.6784545968	978.279365591244	1008.2557829488
ENSMUSG00000028542	1901.22685185509	1801.62092717516	1592.65796201341	2802.62229539837	2935.86894963526	2681.09083966877
ENSMUSG00000028567	961.218646703612	899.314928783616	966.970905508144	1235.71905169375	1294.75119408072	1132.47620795276
ENSMUSG00000028649	4280.65274961288	4647.12514751711	3999.60721287579	6183.38115719723	6236.65981225187	6525.71299354129
ENSMUSG00000028757	3754.24815472805	3702.94417461458	4023.55695666547	4184.78984818364	4543.99941362087	4354.96106659712
ENSMUSG00000028771	2724.57762846982	2889.37324125823	2738.25403995289	3650.68355008517	3535.82531504528	3628.27158032396
ENSMUSG00000028796	4039.62500470224	3929.26844161445	4134.32452169271	5807.20951713864	6116.05002745295	5765.89806060041
ENSMUSG00000028799	290.197404872404	317.053378440344	274.424147590031	491.033209542133	527.796665102968	432.701147097123
ENSMUSG00000028803	542.79448153875	541.383599034927	546.852483197588	658.539665038962	658.714978517181	705.986082105832
ENSMUSG00000028811	2539.46832037845	2567.33474680467	2366.03510522168	2843.78102446331	2913.19018668162	2841.54222196555
ENSMUSG00000028830	1869.41118952688	1881.38278338657	1928.95228106011	2209.17085306675	2430.75104748594	2144.87267173502
ENSMUSG00000028843	1810.60041976869	1850.47506410465	2014.77219630644	2176.62674171308	2437.96701751664	2443.00169174452
ENSMUSG00000028868	5042.30042353048	5047.92847497943	5101.29542720086	5482.72558334764	5637.73429970338	5766.93323080878
ENSMUSG00000028893	886.017990291494	866.413163096411	768.387613252085	1290.27829719843	1335.98530854189	1213.21948420533
ENSMUSG00000028894	1220.56450022746	1197.42486637375	1049.79710278077	1408.96858566476	1385.46624589529	1364.35433462681
ENSMUSG00000029050	2459.44710906812	2551.38237556239	2532.68540575817	3105.09109503836	3335.8398599086	3341.52943260649
ENSMUSG00000029060	293.089737811332	257.231986281788	237.501625914281	424.030627343401	478.315727749565	340.57099855252
ENSMUSG00000029084	355.756951488097	401.800350664964	405.149832442009	603.023239788584	589.647836794722	655.262741895882
ENSMUSG00000029092	117.62153951639	127.618969938252	147.690086702998	247.909554135307	232.972746705607	237.053977715888
ENSMUSG00000029095	68.4518795546203	65.803531374411	56.8806415004791	126.347726431894	109.270403322099	127.325935629058
ENSMUSG00000029102	197.642750826721	141.577294775248	137.711026790633	376.171640058593	316.471828489475	357.133721886381
ENSMUSG00000029186	2281.08657783425	2505.51930824083	2308.15655772997	2804.53665488976	2718.35899585259	2610.69926549986
ENSMUSG00000029298	14.4616646946381	7.97618562114072	0.997905991236475	40.2015493192389	47.4192316303448	34.1606168760886
ENSMUSG00000029446	1457.73580121952	1392.8414140917	1302.2673185636	1932.54590656056	2095.72386748893	1771.17622651478
ENSMUSG00000029467	12951.8669005179	13264.396687957	12599.5610453517	14690.7947369447	14385.5516826405	14621.7791931743
ENSMUSG00000029513	1625.49111167732	1659.04660919727	1764.29779250609	1909.57359266385	1922.54058675202	1996.84333193864
ENSMUSG00000029528	1422.06369497275	1491.54671115331	1405.05163566096	1811.94125860284	1920.47888102896	1739.08595005542
ENSMUSG00000029544	96.411097964254	82.752925819335	51.8911115442967	233.551857949864	239.157863874782	255.687041466482
ENSMUSG00000029578	1421.0995839931	1346.97834677014	1419.02231953827	1632.94864615766	1688.53698718489	1565.17735504988
ENSMUSG00000029641	55.9184368192673	45.8630673215592	49.8952995618237	124.433366940502	94.8384632606896	97.3059995864343
ENSMUSG00000029752	8845.7182382203	9433.83354340419	8247.69301756946	13272.254353823	13425.8276685568	11987.271012882
ENSMUSG00000029767	18981.4169672023	21283.4543068114	20250.5062801618	23535.1355871773	22807.6195613343	21910.4126302816
ENSMUSG00000029777	12258.6711061549	12349.1293879311	11103.6999644883	14752.0542406693	14685.5298653455	13397.1728366769
ENSMUSG00000029860	1654.4144410666	1609.19544906514	1625.58885972422	2070.37978994081	2080.261074566	1917.13522589443
ENSMUSG00000029863	1384.46336676669	1328.03490591993	1343.18146420429	1587.96119810994	1664.82737136971	1656.27233338612
ENSMUSG00000029992	4318.25307781894	4841.54467203242	4168.25332539475	5528.67021114105	5334.66355841379	5635.46661434626
ENSMUSG00000029999	1552.21867722449	1425.7431797789	1429.99928544187	2017.73490392752	1939.03423253649	2058.95354444061
ENSMUSG00000030029	556.292035253745	578.273457532702	568.806415004791	717.884809272124	731.905531685757	693.564039605436
ENSMUSG00000030036	1584.99845053234	1653.06446998141	1700.43180906695	2145.03981010511	2221.4879165955	2020.65224673106
ENSMUSG00000030049	764.540006856534	783.660237277076	856.203340480895	1489.37168430323	1431.85462466411	1534.12224879889
ENSMUSG00000030050	354.792840508455	417.752721907245	409.141456406955	593.451442331623	560.783956671904	498.952040432567
ENSMUSG00000030062	10445.1783534473	10618.2971081436	11269.3523590335	12278.7017777904	12239.3160249366	11764.7094180833
ENSMUSG00000030067	4121.57443797186	4502.55678313394	4122.34964979788	5087.41034837512	4957.37141109409	5157.21797808102
ENSMUSG00000030082	11168.2615881792	11257.3889810375	11608.6403960539	13525.9069864325	14103.0979985815	13330.9219433415
ENSMUSG00000030091	1903.15507381437	1862.43934253636	1757.31245056743	2189.07007840713	2231.79644521079	2179.03328861111
ENSMUSG00000030123	31.8156623282038	28.9136728766351	17.9623078422565	100.503873298097	104.116139014453	93.165318752969
ENSMUSG00000030209	13.4975537149956	4.98511601321295	15.9664958597836	59.3451442331623	58.7586131071664	73.4970847940089
ENSMUSG00000030301	291.161515852047	236.294499026294	284.403207502395	536.977837335549	519.549842210734	497.916870224201
ENSMUSG00000030341	2154.78803950108	1997.03747489311	2091.61095763165	2426.45065533978	2585.37897671532	2319.81643694893
ENSMUSG00000030352	1497.26435138486	1579.28475298586	1707.41715100561	1832.04203326246	1970.9906712439	1915.0648854777
ENSMUSG00000030403	3952.85501653441	3644.11980565867	3986.63443498972	4515.97404019451	4751.20083878824	4408.78991743217
ENSMUSG00000030413	12.533442735353	8.97320882378331	16.9644018510201	55.5164252503776	93.8076103991604	80.7432762525731
ENSMUSG00000030486	0.96411097964254	4.98511601321295	4.98952995618237	19.1435949139233	13.4010871998801	25.8792552091581
ENSMUSG00000030513	3049.48302860935	3020.98030400705	2996.71169168313	4382.92605554274	4356.38419282255	3905.69719616613
ENSMUSG00000030560	1934.00662516293	2083.77849352301	2131.52719728111	2535.56914634914	2534.86718650039	2483.37332987081
ENSMUSG00000030659	558.220257213031	665.014476162608	694.542569900586	861.461771126549	814.373760608095	745.322550023752
ENSMUSG00000030717	2856.66083268085	2599.23948928923	2280.21518997534	3149.12136334038	3259.55674815544	2808.41677529783
ENSMUSG00000030866	531.225149783039	591.234759167056	536.873423285223	1420.45474261311	1490.61323777127	1430.60522796226
ENSMUSG00000030890	2351.46667934815	2367.93010627615	2310.15236971244	2570.9847969399	2914.22103954315	2677.98532904368
ENSMUSG00000030934	1811.56453074833	1983.07915005611	1990.82245251677	2395.8209034775	2244.16667954914	2300.14820298997
ENSMUSG00000031134	422.280609083432	424.731884325743	420.118422310556	526.448860132891	591.709542517781	575.554635851675
ENSMUSG00000031328	20790.0891650117	20709.1689420892	17850.5423712381	24029.9975157022	23327.1694035451	24710.5480439125
ENSMUSG00000031490	5104.96763720725	4506.54487594451	4406.75285730027	5671.28999324978	6150.06817188341	5455.34699809052
ENSMUSG00000031513	742.365454324756	772.692982048007	750.425305409829	966.751543153127	960.754866945247	896.457400445235
ENSMUSG00000031536	1030.63463723788	1028.92794512715	1045.80547881583	1210.83237830565	1266.91816681943	1174.91818649578
ENSMUSG00000031537	2569.35576074737	2441.7098232717	2435.88852460823	3306.09884163456	3121.42246471052	3303.22813489693
ENSMUSG00000031538	1122.22518030392	1132.61835820198	1137.61283000958	3724.38639050378	3705.9160371976	3407.78032594193
ENSMUSG00000031555	9046.25332198595	9775.8125019106	8816.49943257425	11264.0912473525	11071.359732824	11228.4912501495
ENSMUSG00000031570	1012.31652862467	826.532234990707	965.972999516907	1164.88775051223	1249.39366817343	1349.86195170968
ENSMUSG00000031621	80.0212113103308	37.8868817004184	82.8261972726274	133.047984651767	160.813046398561	104.552191044999
ENSMUSG00000031652	2231.91691787248	2205.41532424541	2195.39318072024	2704.03278159167	2607.02688680743	2649.00056320942
ENSMUSG00000031681	194.750417887793	256.234963079146	169.644018510201	428.816526071882	423.680526088515	421.314274805093
ENSMUSG00000031727	62.6672136767651	84.7469722246202	60.872265465425	122.519007449109	126.794901968096	134.572127087622
ENSMUSG00000031762	152.329534783521	194.419524515305	159.664958597836	233.551857949864	313.379269904887	308.480722093164
ENSMUSG00000031765	3420.66575577173	3285.19145270733	3772.08464687387	3931.13721557415	4818.20627478764	4969.85217036671
ENSMUSG00000031767	269.951074299911	342.975981709051	298.373891379706	455.617558951375	452.544406211334	362.309572928213
ENSMUSG00000031770	3944.17801771763	3689.98287298023	3761.10768097027	4611.69201476412	4578.01755805133	4202.79104596727
ENSMUSG00000031827	961.218646703612	874.389348717552	927.054665858685	5298.94707217397	5659.3822097955	5089.93191453721
ENSMUSG00000031835	4851.40644956126	4938.25592268875	5033.43781979678	5801.46643866446	5734.63446868713	5479.15591288294
ENSMUSG00000031871	69.4159905342629	88.7350650351905	78.8345733076815	435.516784291755	370.076177288995	379.90746647044
ENSMUSG00000031906	1914.72440557008	1824.55246083594	1694.44437311953	2617.88660447901	2759.59311031376	2350.87154319992
ENSMUSG00000031938	2222.27580807605	2220.37067228505	2338.09373746706	3417.13169213531	3370.8888572006	3447.11679385985
ENSMUSG00000031960	12085.1311298192	11691.094074187	10833.2674408632	14032.2550719058	13774.2559357536	13077.3052422917
ENSMUSG00000032115	3821.73592330303	3534.44725336798	3815.99251048828	4368.5683593573	4294.53302113079	4361.17208784732
ENSMUSG00000032232	5810.69687430559	5893.40415082035	5461.53949003723	6640.91307564	6262.4311337901	6407.70358978753
ENSMUSG00000032261	2158.64448341965	2255.26648437754	2267.24241208927	2833.25204726065	2850.30816212833	2865.35113675798
ENSMUSG00000032271	5.78466587785524	8.97320882378331	4.98952995618237	27.7582126251888	41.2341144611694	16.5627233338612
ENSMUSG00000032307	515.799374108759	523.43718138736	560.823167074899	723.627887746301	636.036215563538	648.016550437318
ENSMUSG00000032359	1454.84346828059	1444.68662062911	1566.71240624127	2038.79285833283	1991.60772847448	1893.326311102
ENSMUSG00000032383	4212.20087005826	4074.83382920027	4553.44503801203	5029.02238388765	5346.00293989061	5222.4337012081
ENSMUSG00000032392	107.016318740322	84.7469722246202	98.792693132411	132.090804906071	151.535370644798	189.436148131037
ENSMUSG00000032420	4061.79955723402	4230.36944881251	3738.15584317183	4934.26158906373	4875.93403503328	4360.13691763895
ENSMUSG00000032497	1664.05555086302	1726.84418697697	1699.43390307572	2105.79544053156	2018.40990287424	2042.39082110675
ENSMUSG00000032554	0	0	0	9.57179745696165	6.18511716917541	7.24619145856425
ENSMUSG00000032624	4748.24657473951	4820.60718477692	4649.24401317074	6152.75140533495	5535.67986641199	5740.01880539126
ENSMUSG00000032637	6772.87963198884	5897.39224363092	5748.93641551333	7147.26116111327	7092.26768732114	7372.48222398495
ENSMUSG00000032643	451.203938472709	403.794397070249	420.118422310556	588.665543603142	630.881951255892	687.353018355238
ENSMUSG00000032667	1470.26924395487	1549.37405690659	1551.74381637272	2116.32441773422	2114.27921899646	1912.99454506096
ENSMUSG00000032714	1741.18442923443	1739.80548861132	1693.4464671283	2327.86114153307	2252.41350244138	2229.75662882106
ENSMUSG00000032715	1491.47968550701	1424.74615657626	1280.3133867564	2923.22694335609	3204.92154649439	2271.16343715571
ENSMUSG00000032741	881.197435393281	866.413163096411	912.086075990138	1776.52560801208	1842.13406355274	1924.38141735299
ENSMUSG00000032754	176.432309274585	117.648737911826	155.67333463289	218.236982018726	246.373833905487	282.601466884006
ENSMUSG00000032827	3.85644391857016	16.949394444924	16.9644018510201	143.576961854425	153.597076367856	166.662403546978
ENSMUSG00000032849	3078.40635799863	3155.5784363638	2957.79335802491	3711.94305380973	3588.39881098327	3774.23057970361
ENSMUSG00000032860	115.693317557105	97.7082738589738	78.8345733076815	244.080835152522	323.68779852018	265.003573341778
ENSMUSG00000033004	2264.69669118033	2331.04024777838	1880.05488748952	3307.05602138025	2980.19562268102	3348.77562406505
ENSMUSG00000033088	1829.88263936154	1849.478040902	2027.74497419252	2050.27901528119	2264.78373677973	2345.69569215809
ENSMUSG00000033124	1118.36873638535	1091.74040689364	1191.49975353635	1332.39420600906	1451.44082903316	1371.60052608538
ENSMUSG00000033161	12401.359531142	12230.4836268167	12252.2897604014	14166.2602363032	14442.2485900246	13588.6793252247
ENSMUSG00000033326	1589.81900543055	1471.60624710046	1389.08513980117	1909.57359266385	1876.15220798321	1992.70265110517
ENSMUSG00000033420	4.8205548982127	12.9613016343537	6.98534193865532	33.5012910993658	23.7096158151724	32.090276459356
ENSMUSG00000033669	1039.31163605466	981.070831400309	1053.78872674572	1247.2052086421	1178.26482072792	1255.66146274835
ENSMUSG00000033712	1332.40137386599	1334.01704513579	1167.55000974668	1472.1424488807	1678.22845856959	1493.7506106726
ENSMUSG00000033855	1507.86957216093	1729.83525658489	1498.85479883718	2741.36279167382	2583.31727099226	2805.31126467273
ENSMUSG00000033880	20463.2555429129	19646.3422080722	21534.8112908831	25144.1547396926	26418.6971352712	25732.26103957
ENSMUSG00000033909	2434.38022359741	2279.19504124096	2132.52510327235	2767.20664480761	2962.67112403502	2640.71920154249
ENSMUSG00000033960	1489.55146354772	1527.43954644845	1299.27360058989	1781.31150674056	1698.84551580018	1679.04607797017
ENSMUSG00000034111	28.9233293892762	34.8958120924907	39.916239649459	56.4736049960738	79.3756703377511	74.5322550023752
ENSMUSG00000034135	2199.13714456463	1960.14761639533	2298.1774978176	3039.04569258533	3122.45331757205	3191.42975239337
ENSMUSG00000034248	2153.82392852143	1948.18333796362	1798.22659620813	3385.54476052734	3132.76184618734	3364.30317719055
ENSMUSG00000034271	449.275716513424	437.693185960097	329.308977108037	803.073806639083	839.114229284797	768.096294607811
ENSMUSG00000034377	1913.76029459044	2021.96305495917	1839.14074184882	2326.90396178738	2332.82002564066	2155.22437381868
ENSMUSG00000034427	1030.63463723788	899.314928783616	922.065135902503	1301.76445414679	1311.24483986519	1264.97799462365
ENSMUSG00000034445	591.000030520877	578.273457532702	538.869235267696	662.368384021746	761.800264670105	724.619145856425
ENSMUSG00000034471	898.551433026847	725.832891523806	745.435775453647	1148.6156948354	1132.90729482063	1248.41527128978
ENSMUSG00000034488	169.683532417087	195.416547717948	172.63773648391	263.224430066446	235.034452428666	276.390445633808
ENSMUSG00000034525	1579.21378465448	1654.06149318406	1400.06210570477	1899.04461546119	1883.36817801391	1796.02031151557
ENSMUSG00000034586	2185.63959084964	1967.12677881383	2092.60886362289	3242.92497841861	3424.49320600012	3174.86702905951
ENSMUSG00000034667	4376.09973659749	4793.68755830557	4221.14234293029	5348.72041895017	5193.43671638429	4982.27421286711
ENSMUSG00000034832	1572.46500779698	1401.81462291548	1386.09142182746	1822.4702358055	1644.21031413913	1888.15046006017
ENSMUSG00000034981	5829.97909389844	5872.46666356486	5907.60346811993	6930.93853858593	7114.94645027478	6914.93699188703
ENSMUSG00000035047	1654.4144410666	1615.177588281	1554.73753434643	1833.95639275385	1906.04694096756	1830.18092839166
ENSMUSG00000035085	178.36053123387	128.615993140894	98.792693132411	235.466217441257	217.509953782669	192.541658756136
ENSMUSG00000035112	1275.51882606708	1150.56477584955	1180.52278763275	1931.58872681486	1873.05964939862	1971.99924693784
ENSMUSG00000035168	1558.96745408199	1592.24605462022	1390.08304579241	1828.21331427968	1844.1957692758	1916.10005568606
ENSMUSG00000035172	799.248002123666	697.916241849813	702.525817830478	932.293072308065	921.582458207136	945.110400238452
ENSMUSG00000035227	3026.34436509793	3336.03963604211	3356.9557545195	3923.47977760858	3898.68552230357	3721.43689907693
ENSMUSG00000035382	638.241468523361	674.984708189034	637.661928400107	811.688424350348	782.417321900689	780.518337108207
ENSMUSG00000035392	196.678639847078	165.50585163867	194.591668291113	250.781093372395	264.929185413013	265.003573341778
ENSMUSG00000035441	3395.59887030103	3269.23908146505	3118.45622261398	3970.38158514769	3814.15558765817	3913.97855783306
ENSMUSG00000035469	1038.34752507502	1104.70170852799	987.92693132411	1510.42963870855	1433.91633038717	1558.96633379968
ENSMUSG00000035569	9527.34470082758	9363.04489601656	8286.61135122768	10852.5039567031	10646.6483538739	10921.0456982647
ENSMUSG00000035697	1253.3442735353	1193.43677356318	1080.7321885091	1517.12989692842	1626.68581549313	1528.94639775706
ENSMUSG00000035735	1067.27085446429	950.163112118388	1041.81385485088	1343.88036295742	1398.86733309517	1418.18318546186
ENSMUSG00000035818	409.747166348079	365.907515369831	373.216840722441	588.665543603142	455.636964795922	515.514763766428
ENSMUSG00000035828	2238.66569472998	1907.30538665528	2079.63608573681	2460.90912618484	2688.46426286824	2330.16813903259
ENSMUSG00000035930	56.8825477989098	49.8511601321295	59.8743594741885	141.662602363032	132.980019137271	157.345871671681
ENSMUSG00000035944	172.575865356015	164.508828436027	215.547694107079	259.395711083661	297.916476981949	239.12431813262
ENSMUSG00000035954	953.505758866472	1002.0083186558	876.161460305625	1339.09446422894	1249.39366817343	1137.65205899459
ENSMUSG00000036019	373.110949121663	427.722953933671	334.298507064219	768.615335794021	648.406449901889	680.106826896674
ENSMUSG00000036036	2773.74728843159	2367.93010627615	2199.38480468519	6013.00316246331	5507.8468391507	6144.77035686249
ENSMUSG00000036098	9594.83246940256	9138.71467542198	8493.17789141364	10653.4105695983	10916.7318035946	10575.2988486703
ENSMUSG00000036151	618.959248930511	556.338947074565	580.781286899628	760.000718082755	763.861970393163	790.87003919187
ENSMUSG00000036155	1477.01802081237	1443.68959742647	1441.97415733671	1784.18304597765	1772.03606896875	1740.12112026379
ENSMUSG00000036315	433.849940839143	425.728907528386	404.151926450772	669.06864224162	654.591567071064	585.906337935338
ENSMUSG00000036372	1291.908712721	1266.21946735609	1315.24009644967	1472.1424488807	1515.35370644798	1564.14218484151
ENSMUSG00000036390	712.478013955837	652.053174528254	553.837825136243	962.922824170342	911.273929591844	749.463230857217
ENSMUSG00000036398	1570.5367858377	1547.3800105013	1571.70193619745	1956.47540020296	2136.9579819501	1875.72841755978
ENSMUSG00000036427	16521.9698581342	16081.984258625	16872.5944998263	17992.1076798508	18620.2952378026	18444.6627726711
ENSMUSG00000036478	837.812441309367	799.612608519357	821.276630787619	1327.60830728058	1232.90002238896	1284.64622858261
ENSMUSG00000036492	501.337709414121	457.633650012949	497.955089627001	990.681036795531	1060.74759451358	972.024825655976
ENSMUSG00000036501	1093.30185091464	1031.91901473508	957.989751587016	1331.43702626337	1209.19040657379	1239.09873941449
ENSMUSG00000036606	6119.2123877912	5762.79411127417	5799.82962106639	6482.02123785443	6681.9882484325	6433.58284499669
ENSMUSG00000036834	2007.27905961577	2172.5135585582	1928.95228106011	2573.85633617699	2352.40623000971	2548.58905299789
ENSMUSG00000037003	1288.05226880243	1123.6451493782	1117.65471018485	3561.66583373543	3611.07757393691	3714.19070761836
ENSMUSG00000037108	53.0261038803397	53.8392529426999	35.9246156845131	109.118491009363	87.622493229985	85.9191272944047
ENSMUSG00000037211	845.525329146507	805.594747735213	886.140520217989	1073.9556746711	1070.02527026735	1104.52661232687
ENSMUSG00000037225	722.119123752262	770.698935642722	740.446245497464	1230.93315296527	1304.02886983448	1294.99793066627
ENSMUSG00000037235	341.295286793459	310.074216021846	300.369703362179	468.060895645425	499.963637841679	434.771487513855
ENSMUSG00000037242	6536.67244197642	6881.45414463916	6372.62766003613	7974.26446139475	8113.84287309661	7502.9136702391
ENSMUSG00000037266	3311.72121507212	2769.73045694112	2711.3105781895	3484.13427433404	3303.8834212012	3703.8390055347
ENSMUSG00000037295	1263.94949431137	1215.37128402132	1358.15005407284	1860.75742563335	1831.82553493745	1881.93943880997
ENSMUSG00000037353	705.729237098339	638.094849691258	698.534193865532	873.905107820599	841.175935007856	861.26161336078
ENSMUSG00000037370	1684.30188143552	1733.82334939546	1664.50719338244	2018.69208367321	2152.42077487304	2199.73669277843
ENSMUSG00000037400	3615.41617365952	4233.36051842044	3765.09930493522	4517.8883996859	4407.92683589901	4443.98570451662
ENSMUSG00000037410	793.46333624581	773.69000525065	717.494407699025	980.152059592873	933.952692545487	977.200676697808
ENSMUSG00000037411	558.220257213031	532.410390211143	612.714278619195	707.355832069466	861.79299223844	932.688357738056
ENSMUSG00000037447	460.845048269134	460.624719620877	374.214746713678	998.338474761101	1053.53162448288	951.32142148865
ENSMUSG00000037470	2493.19099335561	2567.33474680467	2243.29266829959	2957.68541420115	2998.75097418854	3245.25860322842
ENSMUSG00000037503	3639.51894815059	3766.75365958371	3783.06161277748	4335.06706825793	4252.26805380809	4316.65976888756
ENSMUSG00000037613	881.197435393281	894.329812770403	925.058853876212	1109.37132526186	1127.75303051298	1188.37539920454
ENSMUSG00000037685	599.67702933766	626.130571259547	484.982311740927	1007.91027221806	942.199515437721	1006.18544253207
ENSMUSG00000037692	366.362172264165	325.029564061484	319.329917195672	525.491680387195	583.462719625547	453.404551264449
ENSMUSG00000037706	2489.33454943704	2558.36153798089	2818.0865192518	3004.58722174026	3276.05039393991	3161.40981635075
ENSMUSG00000037788	762.611784897249	811.576886951068	764.39598928714	1015.56771018363	964.878278391364	911.98495357073
ENSMUSG00000037851	8169.87644149088	8497.6287561228	7142.01317927945	10059.001947521	9386.94615708521	9387.95861967417
ENSMUSG00000037860	1629.34755559589	1664.03172521048	1590.66215003094	1994.76259003081	1830.79468207592	1873.65807714304
ENSMUSG00000037926	1618.74233481982	1755.7578598536	1581.68099610981	1983.27643308245	1771.00521610723	2158.32988444378
ENSMUSG00000037995	291.161515852047	257.231986281788	259.455557721483	362.771123618847	408.217733165577	358.168892094747
ENSMUSG00000038141	12.533442735353	7.97618562114072	18.960213833493	36.3728303364543	52.573495937991	51.7585104183161
ENSMUSG00000038170	4743.4260198413	4850.5178808562	4500.5560204765	5831.13901078104	5762.46749594842	5603.3763378869
ENSMUSG00000038235	3028.27258705722	2719.87929680899	2857.00485291003	3847.86257769859	3903.83978661121	3636.55294199089
ENSMUSG00000038372	1685.26599241516	1815.57925201216	1840.13864784006	2218.74265052371	2201.90171222645	2122.09892715096
ENSMUSG00000038384	1010.38830666538	917.261346431183	804.312228936599	1111.28568475325	1114.3519433131	1150.07410149498
ENSMUSG00000038393	1931.11429222401	1596.23414743079	1605.63073989949	3351.08628968228	3124.51502329511	2535.13184028912
ENSMUSG00000038518	641.133801462289	651.056151325611	628.680774478979	886.348444514649	785.509880485277	875.753996277909
ENSMUSG00000038539	494.588932556623	509.478856550364	431.095388214157	1100.75670755059	1151.46264632816	906.809102528898
ENSMUSG00000038615	5984.23685064124	5945.24935735777	5585.27983295055	7437.28662405921	7563.36744504	6617.8431420859
ENSMUSG00000038917	12.533442735353	18.9434408502092	25.9455557721483	54.5592455046814	47.4192316303448	74.5322550023752
ENSMUSG00000038976	3208.56134025037	2968.13807426699	3174.33895812323	3702.37125635277	3744.05759307418	3663.46736740841
ENSMUSG00000038991	4054.08666939688	4161.57484783017	4248.08580469367	5011.79314846512	5227.45486081475	4975.02802140854
ENSMUSG00000039108	1783.6053123387	1868.42148175221	1901.01091330548	2215.87111128662	2125.61860047328	2143.83750152665
ENSMUSG00000039114	8482.24839889506	9329.14610712672	9231.62832492863	9749.83288966114	10502.3289532598	10198.496892825
ENSMUSG00000039158	0	0	0	21.0579544053156	12.3702343383508	7.24619145856425
ENSMUSG00000039208	188.001641030295	241.279615039507	161.660770580309	289.068283200242	283.48453692054	309.51589230153
ENSMUSG00000039234	1010.38830666538	1034.91008434301	1015.86829907873	1519.04425641981	1526.6930879248	1532.05190838216
ENSMUSG00000039286	1598.49600424733	1474.59731670839	1415.03069557332	2102.92390129448	1903.9852352445	1989.59714048007
ENSMUSG00000039452	3046.59069567043	3056.87313930218	3342.98507064219	3667.91278550771	4017.23360137943	3795.9691540793
ENSMUSG00000039621	776.109338612245	764.716796426867	787.347827085579	1037.58284433464	1143.21582343592	1001.00959149023
ENSMUSG00000039879	241.027744910635	284.151612753138	262.449275695193	416.373189377832	351.520825781469	358.168892094747
ENSMUSG00000040010	8051.29079099485	7993.13501558565	7700.84053437187	9332.50252053761	10267.2945008312	9633.29395905699
ENSMUSG00000040035	19.2822195928508	41.8749745109888	29.9371797370942	309.169057859861	380.384705904288	292.953168967669
ENSMUSG00000040118	292.12562683169	314.062308832416	312.344575257017	438.388323528844	369.045324427466	403.716381262866
ENSMUSG00000040249	506.158264312333	423.734861123101	351.262908915239	573.350667672003	532.950929410614	648.016550437318
ENSMUSG00000040364	142.688424987096	89.7320882378331	138.70893278187	179.949792190879	195.862043690555	202.893360839799
ENSMUSG00000040430	697.052238281556	741.785262766087	661.611672189783	937.078971036546	1062.80930023664	918.195974820928
ENSMUSG00000040435	671.021241831208	622.142478448976	550.844107162534	790.630469945033	810.250349161979	725.654316064792
ENSMUSG00000040488	1481.83857571058	1432.7223421974	1425.00975548569	1741.10995742132	1911.2012052752	1710.10118422116
ENSMUSG00000040562	688.375239464773	681.963870607532	702.525817830478	1886.60127876714	2018.40990287424	1901.60767276893
ENSMUSG00000040570	531.225149783039	540.386575832284	438.080730152812	809.774064858956	826.743994946446	821.92514544286
ENSMUSG00000040618	1999.56617177863	1759.74595266417	1449.9574052666	2614.05788549623	2701.86535006812	2369.50460695051
ENSMUSG00000040675	2319.65101701995	2556.3674915756	2256.26544618567	3241.01061892722	3294.60574544743	3136.56573134996
ENSMUSG00000040687	657.523688116212	679.969824202247	656.6221422336	1383.12473253096	1256.60963820414	1440.95693004592
ENSMUSG00000040747	283.448628014907	273.18435752407	236.503719923044	1175.41672771489	1161.77117494345	960.637953363947
ENSMUSG00000040761	2027.52539018826	1960.14761639533	1716.39830492674	2256.07266060586	2119.43348330411	2453.35339382818
ENSMUSG00000040848	3731.10949121663	3887.39346710346	3351.96622456332	4446.09991875869	4421.32792309889	4117.90708888123
ENSMUSG00000040940	1780.71297939977	1617.17163468628	1689.45484316335	1994.76259003081	2003.97796281283	1940.94414068685
ENSMUSG00000041084	2777.60373235016	2861.45659158423	2968.77032392851	3598.03866407189	3533.76360932222	3461.60917677698
ENSMUSG00000041096	266.094630381341	334.002772885268	262.449275695193	448.917300731502	437.081613288396	404.751551471232
ENSMUSG00000041119	36.6362172264165	49.8511601321295	48.8973935705873	233.551857949864	240.188716736312	257.757381883214
ENSMUSG00000041130	3103.47324346934	2799.64115302039	2751.22681783896	3554.96557551556	3800.75450045829	3605.4978357399
ENSMUSG00000041168	8697.24514735535	8458.74485121974	8410.35169414101	10503.133349524	11070.3288799625	10212.9892757421
ENSMUSG00000041229	667.164797912637	657.038290541467	647.640988312472	743.728662405921	847.361052177031	834.347187943256
ENSMUSG00000041261	1642.84510931089	1787.66260233816	1775.27475840969	3392.24501874721	3367.79629861601	3241.11792239495
ENSMUSG00000041313	6400.73279384682	6677.06438809743	5407.65256651046	7644.99462887527	7677.79211266974	7195.46811835431
ENSMUSG00000041355	4098.43577446044	3940.23569684352	4273.03345447458	5466.4535276708	5836.68890197853	5729.66710330759
ENSMUSG00000041734	2249.27091550605	2214.38853306919	2088.61723965794	3423.83195035518	3349.24094710848	3391.21760260807
ENSMUSG00000041849	734.652566487615	716.859682700022	739.448339506228	911.235117902749	907.150518145727	995.833740448402
ENSMUSG00000041920	761.647673917606	843.481629435631	829.25987871751	1033.75412535186	996.83471709877	1003.07993190697
ENSMUSG00000042331	194.750417887793	208.377849352301	210.558164150896	325.441113536696	312.348417043358	371.62610480351
ENSMUSG00000042349	484.947822760198	451.651510797093	438.080730152812	685.340697918454	736.028943131874	775.342486066375
ENSMUSG00000042406	13912.1214362418	14165.7056631459	12766.2113458882	16295.9851704772	16544.1575746827	15639.3515079984
ENSMUSG00000042460	3042.73425175186	3331.05452002889	2859.0006648925	4007.71159522984	3724.47138870513	3802.1801753295
ENSMUSG00000042594	804.068557021878	768.704889237437	721.486031663971	1121.81466195591	1268.97987254249	1192.516080038
ENSMUSG00000042599	746.221898243326	771.695958845365	652.630518268654	1290.27829719843	1124.6604719284	1209.07880337186
ENSMUSG00000042608	573.646032887311	496.51755491601	596.747782759412	910.277938157053	931.890986822428	907.844272737265
ENSMUSG00000042626	4666.29714146989	4418.80683411196	4761.00948418922	7187.46271043251	7336.57981550356	7040.19258709936
ENSMUSG00000042644	3646.26772500809	3640.1317128481	3365.93690844063	4321.66655181819	4361.53845713019	4691.39138431617
ENSMUSG00000042745	762.611784897249	717.856705902665	636.664022408871	1558.28862599336	1554.52611518609	1519.62986588176
ENSMUSG00000042747	2314.83046212174	2216.38257947448	2468.81942231904	2832.29486751495	3065.75641018794	2862.24562613288
ENSMUSG00000043252	747.186009222968	672.990661783748	705.519535804188	888.262804006042	945.292074022308	785.694188150038
ENSMUSG00000043501	5641.0133418885	5612.24360767514	5896.62650221633	6601.66870606645	6923.20781803034	6951.16794917985
ENSMUSG00000043535	2425.70322478063	2629.15018536851	2204.37433464137	3525.29300339898	3228.63116230956	3402.6044749001
ENSMUSG00000044345	1117.4046254057	1106.69575493328	1137.61283000958	1318.99368956932	1417.4226846027	1360.21365379335
ENSMUSG00000044456	549.543258396248	516.458018968862	498.952995618237	688.212237155543	764.892823254692	787.764528566771
ENSMUSG00000044465	1366.14525815348	1320.05872029879	1288.29663468629	1758.33919284386	1700.90722152324	1652.13165255265
ENSMUSG00000044734	201.499194745291	263.214125497644	267.438805651375	380.957538787074	352.551678642998	335.395147510688
ENSMUSG00000044783	7364.84377348936	7279.26640249355	6744.84659476733	8342.77866348778	8546.80107493888	9496.65149155264
ENSMUSG00000044894	1344.93481660134	1302.11230265122	1372.12073795015	1640.60608412323	1650.3954313083	1478.22305754711
ENSMUSG00000045038	457.952715330206	533.407413413786	468.017909889907	616.423756228331	610.264894025307	616.961444186328
ENSMUSG00000045954	4618.09159248777	4996.08326844202	4447.66700294097	6071.39112695078	6196.45655065223	5805.23452851833
ENSMUSG00000046079	1110.65584854821	1072.79696604343	978.945777402982	1483.62860582906	1617.40813973937	1404.7259727531
ENSMUSG00000046245	624.743914808366	566.309179100991	656.6221422336	1215.61827703413	1203.00528940462	1140.75756961969
ENSMUSG00000046417	502.301820393763	488.541369294869	560.823167074899	795.416368673513	800.972673408215	723.583975648059
ENSMUSG00000046546	82.9135442492584	103.690413074829	91.8073511937557	164.63491625974	178.337545044558	148.029339796384
ENSMUSG00000046804	12.533442735353	17.9464176475666	15.9664958597836	104.332592280882	109.270403322099	86.9542975027711
ENSMUSG00000046897	2386.17467461529	2343.00452621009	2334.10211350211	2859.09590039445	2911.12848095856	2777.36166904684
ENSMUSG00000047045	1773.00009156263	1681.97814285805	1723.38364686539	2168.96930374751	2270.9688539489	2220.44009694576
ENSMUSG00000047517	10540.6253404319	9441.80972902533	9018.07644280402	13692.4562621836	12361.9875154586	13537.9559850148
ENSMUSG00000047728	42.4208831042718	44.8660441189166	30.9350857283307	198.136207359106	188.64607365985	149.06451000475
ENSMUSG00000047735	2367.85656600208	2723.86738961956	2647.44459475037	3384.58758078164	3128.63843474123	3213.16832676906
ENSMUSG00000047810	24.1027744910635	24.9255800660648	19.9581198247295	51.6877062675929	62.8820245532833	48.6529997932171
ENSMUSG00000047821	993.998420011459	914.270276823255	965.972999516907	1263.47726431894	1321.55336848048	1150.07410149498
ENSMUSG00000047822	85.805877188186	74.7767401981943	45.9036755968778	158.891837785563	199.985455136672	115.939063337028
ENSMUSG00000047945	15.4257756742806	13.9583248369963	7.9832479298918	33.5012910993658	48.450084491874	71.4267443772762
ENSMUSG00000048106	424.208831042718	443.675325175953	367.229404775023	541.76373606403	578.308455317901	495.846529807468
ENSMUSG00000048277	4420.44884166104	4325.08665306356	4770.98854410158	5420.50889987739	5943.89759957757	5368.39270058775
ENSMUSG00000048498	0	0.99702320264259	0	15.3148759311386	18.5553515075262	20.7034041673264
ENSMUSG00000049571	9.6411097964254	18.9434408502092	3.9916239649459	110.075670755059	117.517226214333	121.11491437886
ENSMUSG00000049686	124.370316373888	120.639807519753	122.742436922086	211.536723798853	203.078013721259	202.893360839799
ENSMUSG00000049744	4.8205548982127	1.99404640528518	1.99581198247295	19.1435949139233	24.7404686767016	30.0199360426233
ENSMUSG00000049791	447.347494554138	530.416343805858	435.087012179103	1106.49978602477	996.83471709877	930.618017321324
ENSMUSG00000049922	1119.33284736499	1043.88329316679	1135.61701802711	1356.32369965147	1374.12686441847	1374.70603671048
ENSMUSG00000049957	1159.82550850998	1022.9458059113	1122.64424014103	1355.36651990577	1280.31925401931	1278.43520733241
ENSMUSG00000050088	1971.60695336899	1911.29347946585	1823.17424598904	2311.58908585624	2391.57863874782	2299.1130327816
ENSMUSG00000050174	230.422524134567	238.288545431579	288.394831467341	357.02804514467	378.323000181229	363.344743136579
ENSMUSG00000050212	137.867870088883	125.624923532966	124.738248904559	270.881868032015	261.836626828426	219.45608417366
ENSMUSG00000050390	4689.43580498131	4259.28312168915	4532.48901219607	5798.59489942737	6180.99375772929	5860.09854956175
ENSMUSG00000050471	299.83851466883	340.981935303766	294.38226741476	489.118850050741	430.89649611922	396.470189804301
ENSMUSG00000050511	235.24307903278	218.348081378727	197.585386264822	312.997776842646	298.947329843478	307.445551884798
ENSMUSG00000050737	10.6052207760679	12.9613016343537	16.9644018510201	37.3300100821505	77.3139646146926	61.075042293613
ENSMUSG00000050747	19.2822195928508	12.9613016343537	15.9664958597836	77.5315594013894	52.573495937991	65.2157231270783
ENSMUSG00000050910	1188.74883789925	1272.20160657195	1146.59398393071	1696.12250937361	1859.65856219874	1638.67443984389
ENSMUSG00000050944	71.3442124935479	95.7142274536887	75.8408553339721	143.576961854425	126.794901968096	131.466616462523
ENSMUSG00000051457	107.016318740322	84.7469722246202	120.746624939613	160.806197276956	189.676926521379	179.084446047374
ENSMUSG00000052085	13.4975537149956	9.9702320264259	5.98743594741885	44.0302683020236	48.450084491874	51.7585104183161
ENSMUSG00000052298	4807.0573444977	4957.19936353896	4783.96132198766	6682.07180470493	6735.59259723202	6351.80439853575
ENSMUSG00000052396	150.401312824236	162.514782030742	155.67333463289	290.982642691634	285.546242643598	270.17942438361
ENSMUSG00000052423	584.251253663379	619.151408841048	595.749876768175	983.980778575658	1078.27209315958	926.477336487858
ENSMUSG00000052512	58.8107697581949	71.7856705902665	51.8911115442967	94.7607948239204	111.332109045157	132.501786670889
ENSMUSG00000052698	887.946212250779	941.189903294605	781.36039113816	2141.21109112232	2094.69301462741	2176.96294819438
ENSMUSG00000053007	84.8417662085435	69.7916241849813	78.8345733076815	250.781093372395	252.558951074663	262.933232925046
ENSMUSG00000053093	9.6411097964254	9.9702320264259	11.9748718948377	57.4307847417699	47.4192316303448	35.1957870844549
ENSMUSG00000053158	160.042422620662	129.613016343537	74.8429493427356	202.922106087587	224.725923813373	198.752680006334
ENSMUSG00000053841	1552.21867722449	1455.65387585818	1457.94065319649	1821.5130560598	1748.32645315358	1723.55839692993
ENSMUSG00000054199	1445.20235848417	1518.46633762466	1467.91971310885	1793.75484343461	1710.184897277	1702.8549927626
ENSMUSG00000054408	3958.63968241227	4380.91995241154	4316.94131808899	4981.16339660284	4915.10644377139	4913.95297911493
ENSMUSG00000054626	0	1.99404640528518	0	10.5289772026578	16.4936457844678	12.4220425003959
ENSMUSG00000054855	256.453520584916	232.306406215724	243.4890618617	391.486515989732	460.791229103568	385.083317512272
ENSMUSG00000055322	110.872762658892	108.675529088042	102.784317097357	245.038014898218	263.898332551484	234.983637299155
ENSMUSG00000055538	7.71288783714032	3.98809281057036	3.9916239649459	34.458470845062	45.3575259072863	32.090276459356
ENSMUSG00000055675	475.306712963772	412.767605894032	491.967653679582	579.09374614618	573.154191010255	634.559337728555
ENSMUSG00000055805	1955.21706671507	1932.23096672134	1952.90202484978	2156.52596705346	2311.17211554854	2294.97235194814
ENSMUSG00000056216	2177.9267030125	2411.79912719243	2117.5565134038	2882.06821429115	2832.78366348234	2487.51401070427
ENSMUSG00000056260	682.590573586918	692.9311258366	653.628424259891	912.192297648446	890.656872361259	842.628549610186
ENSMUSG00000056313	13.4975537149956	9.9702320264259	6.98534193865532	37.3300100821505	31.9564387074063	38.3012977095539
ENSMUSG00000056427	0	0	0	23.9294936424041	36.0798501535232	26.9144254175244
ENSMUSG00000056429	12730.1213752001	13290.3192912257	12625.5066011239	17739.412226987	16372.0051468073	16306.0011221863
ENSMUSG00000056492	0.96411097964254	4.98511601321295	1.99581198247295	35.4156505907581	28.8638801228186	36.2309572928213
ENSMUSG00000056501	207.283860623146	185.446315691522	178.625172431329	295.768541420115	310.2867113203	329.18412626049
ENSMUSG00000056515	1160.78961948962	1264.2254209508	1382.09979786252	1720.05200301601	1790.59142047628	1713.20669484626
ENSMUSG00000056749	183.181086132083	221.339150986655	197.585386264822	362.771123618847	398.940057411814	358.168892094747
ENSMUSG00000056820	656.55957713657	671.993638581106	639.65774038258	811.688424350348	840.145082146326	754.639081899049
ENSMUSG00000057409	640.169690482646	709.880520281524	655.624236242364	877.733826803384	809.219496300449	807.432762525731
ENSMUSG00000057554	906.264320863987	863.422093488483	831.255690699983	1101.71388729629	988.587894206536	1080.71769753444
ENSMUSG00000057706	125.33442735353	153.541573206959	157.669146615363	211.536723798853	234.003599567136	268.109083966877
ENSMUSG00000058070	1803.85164291119	1744.79060462453	1643.55116756647	2842.82384471761	2836.90707492845	2795.99473279744
ENSMUSG00000058135	3250.98222335464	3139.62606512152	3372.92225037928	5137.18369515132	5424.34775736683	4819.7524901536
ENSMUSG00000058173	55.9184368192673	56.8303225506276	70.8513253777897	137.833883380248	114.424667629745	141.818318546186
ENSMUSG00000058569	1262.02127235208	1201.41295918432	1284.30501072134	1505.64373998007	1601.94534681643	1410.9369940033
ENSMUSG00000058638	573.646032887311	694.925172241885	583.775004873338	849.018434432499	874.163226576791	741.181869190287
ENSMUSG00000058665	632.456802645506	587.246666356486	661.611672189783	1055.76925950287	990.649599929595	1073.47150607588
ENSMUSG00000058706	1192.60528181782	1102.7076621227	1035.82641890346	1349.62344143159	1382.3736873107	1499.9616319228
ENSMUSG00000059149	580.394809744809	544.374668642854	495.959277644528	782.973031979463	878.286638022908	842.628549610186
ENSMUSG00000059169	0	0	0	16.2720556768348	10.3085286152923	9.3165318752969
ENSMUSG00000059248	1028.70641527859	1012.97557388487	1087.71753044776	1633.90582590335	1571.01976097055	1700.78465234587
ENSMUSG00000059263	3784.13559509697	3796.66435566298	3702.23122748732	4377.18297706856	4182.17005922411	4125.15328033979
ENSMUSG00000059288	414.567721246292	431.711046744242	412.135174380664	518.791422167322	553.567986641199	587.976678352071
ENSMUSG00000059588	173.539976335657	184.449292488879	174.633548466383	1242.41930991362	1083.42635746723	1141.79273982805
ENSMUSG00000059708	75.2006564121181	55.8332993479851	47.8994875793508	236.423397186953	184.522662213733	238.089147924254
ENSMUSG00000060131	1.92822195928508	8.97320882378331	3.9916239649459	21.0579544053156	22.6787629536432	22.7737445840591
ENSMUSG00000060227	192.822195928508	242.276638242149	216.545600098315	413.501650140743	454.606111934393	463.756253348112
ENSMUSG00000060260	614.138694032298	659.032336946752	632.672398443925	854.761512906676	825.713142084917	737.041188356821
ENSMUSG00000060591	2692.76196614161	2562.34963079146	2931.84780225276	3039.04569258533	3150.28634483334	3419.16719823396
ENSMUSG00000061111	284.412738994549	313.065285629773	342.281754994111	413.501650140743	442.235877596042	396.470189804301
ENSMUSG00000061887	972.787978459323	999.017249047875	943.021161718469	1765.03945106373	1783.37545044558	1732.87492880522
ENSMUSG00000061950	3176.74567792217	3274.22419747827	3209.2656678165	3901.46464345757	3784.26085467382	3882.92345158207
ENSMUSG00000062054	509.050597251261	456.636626810306	449.057696056414	709.270191560859	795.818409100569	599.363550644101
ENSMUSG00000062515	53.0261038803397	70.7886473876239	77.836667316445	217.27980227303	198.954602275142	182.189956672473
ENSMUSG00000062526	327.797733078464	324.032540858842	356.252438871421	700.655573849593	623.665981225187	562.097423142913
ENSMUSG00000062593	21.2104415521359	13.9583248369963	24.9476497809119	92.846435332528	88.6533460915142	87.9894677111374
ENSMUSG00000062729	665.236575953352	638.094849691258	634.668210426398	976.323340610089	1117.44450189769	969.954485239244
ENSMUSG00000062991	233.314857073495	272.187334321427	225.526754019443	354.156505907581	407.186880304048	442.01767897242
ENSMUSG00000062995	2.89233293892762	4.98511601321295	17.9623078422565	44.9874480477198	50.5117902149325	49.6881700015835
ENSMUSG00000063065	3119.86313012326	3007.02197917005	3293.08977108037	4064.18520022592	4220.31161510069	4254.54955638558
ENSMUSG00000063146	49.1696599617695	39.8809281057036	45.9036755968778	110.075670755059	98.9618747068065	79.7081060442068
ENSMUSG00000063410	1487.62324158844	1464.62708468197	1586.67052606599	1935.41744579765	1849.35003358345	1979.24543839641
ENSMUSG00000063415	67.4877685749778	47.8571137268443	79.832479298918	125.390546686198	115.455520491274	165.627233338612
ENSMUSG00000063524	9506.13425927544	8712.9857678936	9829.37401367927	10172.9063372588	11598.1255450654	10348.5965730381
ENSMUSG00000063889	119.549761475675	124.627900330324	129.727778860742	205.793645324676	209.263130890435	186.330637505938
ENSMUSG00000064065	14.4616646946381	14.9553480396389	19.9581198247295	118.690288466325	83.499081783868	104.552191044999
ENSMUSG00000064120	1624.52700069768	1628.13888991535	1659.51766342626	2992.14388504621	3121.42246471052	3174.86702905951
ENSMUSG00000064210	6152.95627207869	6453.73119070549	5995.41919534874	7496.63176829237	6993.30581261433	7478.06958523831
ENSMUSG00000064215	333.582398956319	239.285568634222	290.390643449814	437.431143783148	407.186880304048	400.610870637767
ENSMUSG00000064370	78894.1655751287	84420.945637356	95859.847424167	97298.2783297609	105123.282260167	108537.596347209
ENSMUSG00000064373	7306.03300373117	7168.59682700022	7093.11578570886	10269.5814915742	9069.44347573421	8693.35940986037
ENSMUSG00000066108	543.758592518392	552.350854263995	438.080730152812	742.771482660224	790.664144792923	916.125634404195
ENSMUSG00000066621	1992.81739492113	1953.16845397683	1833.1533059014	3581.76660839505	3744.05759307418	3555.80966573832
ENSMUSG00000066682	88.6982101271137	79.7618562114072	89.8115392112827	144.534141600121	190.707779382908	202.893360839799
ENSMUSG00000066684	86.7699881678286	67.7975777796961	68.8555133953167	169.420814988221	156.689634952444	119.044573962127
ENSMUSG00000066894	304.659069567043	273.18435752407	277.41786556374	417.330369123528	424.711378950045	375.766785636975
ENSMUSG00000067220	0	0	0.997905991236475	44.9874480477198	12.3702343383508	21.7385743756928
ENSMUSG00000067231	2469.08821886454	2609.20972131566	2623.49485096069	3895.72156498339	3861.57481928851	3875.67726012351
ENSMUSG00000067389	994.962530991101	965.118460158027	959.985563569489	1195.51750237451	1212.28296515838	1198.7271012882
ENSMUSG00000067931	830.099553472227	787.648330087646	782.358297129396	1034.71130509755	998.896422821829	953.391761905383
ENSMUSG00000068245	184.145197111725	155.535619612244	150.683804676708	317.783675571127	275.237714028306	337.465487927421
ENSMUSG00000068566	3622.16495051702	3790.68221644713	3531.58930298588	4781.11282975235	4849.13186063352	4810.4359582783
ENSMUSG00000068739	9689.31534540753	9924.36895910434	9137.8251617524	12819.5083341087	12550.6335891184	11762.6390776665
ENSMUSG00000068854	365.398061284523	331.01170327734	314.340387239489	427.859346326186	464.914640549685	457.545232097914
ENSMUSG00000068874	1660.19910694445	1539.40382488016	1785.25381832205	2140.25391137663	2303.95614551784	2403.6652238266
ENSMUSG00000068917	1573.42911877663	1544.38894089337	1453.94902923154	1893.30153698702	1674.10504712348	2067.23490610755
ENSMUSG00000069259	2.89233293892762	2.99106960792777	4.98952995618237	30.6297518622773	23.7096158151724	25.8792552091581
ENSMUSG00000069539	1930.15018124436	2149.58202489742	2104.58373551773	2470.4809236418	2409.10313739382	2363.29358570031
ENSMUSG00000070327	792.499225266168	831.51735100392	681.569792014512	897.834601463003	928.798428237841	1046.55708065835
ENSMUSG00000070643	2302.29701938638	2109.70109679172	2122.54604335998	3030.43107487406	3230.69286803262	3194.53526301847
ENSMUSG00000070738	1935.93484712222	1797.63283436459	1812.19728008544	2481.00990084446	2648.2610012686	2565.15177633175
ENSMUSG00000071551	1316.97559819171	1378.8830892547	1488.87573892482	2016.77772418182	1887.49158946003	1766.00037547295
ENSMUSG00000071649	707.657459057624	604.19606080141	667.599108137201	764.786616811236	886.533460915142	804.327251900632
ENSMUSG00000071723	84.8417662085435	98.7052970616164	87.8157272288098	145.491321345817	149.473664921739	181.154786464106
ENSMUSG00000072999	79.0571003306883	72.7826937929091	90.8094452025192	125.390546686198	135.04172486033	139.747978129453
ENSMUSG00000073399	22.1745525317784	20.9374872554944	14.9685898685471	75.6171999099971	75.2522588916341	68.3212337521773
ENSMUSG00000073411	5172.45540578223	4891.39583216455	5089.32055530602	6483.93559734583	6879.91199784611	6233.79499478199
ENSMUSG00000073598	65.5595466156927	87.7380418325479	97.7947871411745	253.652632609484	239.157863874782	212.209892715096
ENSMUSG00000073599	980.500866296463	902.305998391544	968.966717490617	1684.63635242525	1741.11048312288	1561.03667421641
ENSMUSG00000073771	295.017959770617	248.258777458005	249.476497809119	376.171640058593	414.402850334752	390.259168554103
ENSMUSG00000074063	675.84179672942	635.10378008333	582.777098882101	935.164611545154	1054.56247734441	938.899378988254
ENSMUSG00000074141	97.3752089438965	114.657668303898	74.8429493427356	175.163893462398	196.892896552084	188.400977922671
ENSMUSG00000074227	2779.53195430944	2711.90311118785	2633.47391087306	2969.17157114951	3241.00139664791	3011.31013613763
ENSMUSG00000074272	1542.57756742806	1490.54968795067	1517.81501267068	3370.2298845962	3433.77088175388	3628.27158032396
ENSMUSG00000074364	1643.80922029053	1664.03172521048	1633.57210765411	2088.56620510903	2221.4879165955	2115.88790590076
ENSMUSG00000074398	411.675388307364	339.984912101123	371.221028739969	779.144312996679	707.165063009055	522.760955224993
ENSMUSG00000074578	1677.55310457802	1479.5824327216	1530.78779055675	1892.34435724132	1912.23205813673	1739.08595005542
ENSMUSG00000075602	33.7438842874889	25.9226032687073	28.9392737458578	667.154282750227	742.214060301049	684.247507730139
ENSMUSG00000075701	1581.14200661377	1837.51376247029	1849.11980176119	2104.83826078587	2226.64218090315	2055.84803381552
ENSMUSG00000078429	2662.8745257727	2410.80210398978	2683.36921043488	3067.76108495621	3086.37346741853	2954.37577467748
ENSMUSG00000078566	166.791199478159	148.556457193746	192.59585630864	490.076029796437	579.33930817943	552.780891267616
ENSMUSG00000078588	974.716200418608	895.326835973046	829.25987871751	1308.46471236666	1443.19400614093	1362.28399421008
ENSMUSG00000078671	2804.59883978015	2743.80785367241	2141.50625719347	3334.81423400544	3006.99779708078	3078.59619968144
ENSMUSG00000078816	264.166408422056	287.142682361066	290.390643449814	357.985224890366	368.014471565937	398.540530221034
ENSMUSG00000078956	29.8874403689187	37.8868817004184	30.9350857283307	89.9748960954395	91.7459046761019	91.0949783362364
ENSMUSG00000079018	4.8205548982127	9.9702320264259	14.9685898685471	419.24472861492	484.50084491874	358.168892094747
ENSMUSG00000079362	0.96411097964254	0	0.997905991236475	14.3576961854425	19.5862043690555	11.3868722920295
ENSMUSG00000079363	4.8205548982127	2.99106960792777	4.98952995618237	22.972313896708	19.5862043690555	28.984765834257
ENSMUSG00000079440	207.283860623146	149.553480396389	181.618890405038	519.748601913018	523.673253656851	482.389317098706
ENSMUSG00000079677	679.698240647991	685.951963418102	619.699620557851	842.318176212626	877.255785161379	785.694188150038
ENSMUSG00000082082	970.859756500038	1131.62133499934	895.121674139118	2136.42519239384	2107.06324896576	1756.68384359765
ENSMUSG00000083534	0	0.99702320264259	0	12.4433366940502	11.3393814768216	19.6682339589601
ENSMUSG00000085083	66.5236575953353	59.8213921585554	83.8241032638639	119.647468212021	127.825754829625	116.974233545394
ENSMUSG00000085101	179.324642213512	179.464176475666	130.725684851978	396.272414718212	353.582531504528	305.375211468065
ENSMUSG00000085282	27.9592184096337	20.9374872554944	18.960213833493	79.4459188927817	83.499081783868	86.9542975027711
ENSMUSG00000085385	1242.73905275923	1049.86543238265	1157.57094983431	1452.04167422108	1291.65863549613	1570.35320609171
ENSMUSG00000086841	1541.61345644842	1447.67769023704	1427.00556746816	1933.50308630625	1999.85455136672	1655.23716317775
ENSMUSG00000087113	135.939648129598	149.553480396389	126.734060887032	344.58470845062	331.934621412414	319.867594385194
ENSMUSG00000087231	278.628073116694	241.279615039507	234.507907940572	359.899584381758	395.847498827226	299.164190217867
ENSMUSG00000090231	260.309964503486	319.047424845629	256.461839747774	1022.2679684035	1003.01983426795	863.331953777513
ENSMUSG00000090891	53.0261038803397	45.8630673215592	56.8806415004791	275.667766760496	352.551678642998	327.113785843758
ENSMUSG00000091237	174.5040873153	174.479060462453	162.658676571545	223.980060492903	289.669654089715	246.370509591185
ENSMUSG00000091412	104.123985801394	116.651714709183	131.723590843215	183.778511173664	187.615220798321	196.682339589601
ENSMUSG00000091479	1337.2219287642	1402.81164611812	1510.82967073202	1698.99404861069	1932.84911536732	1889.18563026854
ENSMUSG00000092203	1252.38016255566	1150.56477584955	1140.60654798329	1355.36651990577	1483.39726774057	1486.50441921404
ENSMUSG00000092300	342.259397773102	323.035517656199	288.394831467341	471.88961462821	509.241313595442	504.127891474399
ENSMUSG00000092386	1235.02616492209	1221.35342323717	1200.48090745748	1723.88072199879	1611.22302257019	1554.82565296622
ENSMUSG00000092511	259.345853523843	309.077192819203	251.472309791592	1016.52488992933	981.371924175832	859.191272944047
ENSMUSG00000092558	809.853222899733	734.806100347589	705.519535804188	984.937958321354	942.199515437721	989.622719198204
ENSMUSG00000092595	3163.24812420717	3089.77490498939	3120.45203459646	3712.90023355543	3536.8561679068	3574.44272948891
ENSMUSG00000093133	381.787947938446	272.187334321427	306.357139309598	552.292713266687	430.89649611922	481.35414689034
ENSMUSG00000095180	6686.10964382101	6693.01675933971	6740.85497080239	8072.85397520146	8053.02255426638	8088.82000817444
ENSMUSG00000096210	5096.29063839047	5071.85703184286	4893.73098102367	6262.82707609001	6303.66524825127	6038.14782540076
ENSMUSG00000096528	7.71288783714032	14.9553480396389	6.98534193865532	2321.1608833132	2008.10137425895	2290.83167111467
ENSMUSG00000096979	7361.95144055043	8088.84924303933	6624.09996982772	9151.59554860104	8784.92808595214	8763.75098402928
ENSMUSG00000097195	1111.61995952785	1108.68980133856	985.931119341637	1532.44477285956	1407.11415598741	1302.24412212483
ENSMUSG00000097412	5316.10794174896	5591.30612041965	5623.20026061753	6296.32836718938	6129.45111465283	6094.04701665254
ENSMUSG00000097454	34.7079952671314	23.9285568634222	17.9623078422565	79.4459188927817	90.7150518145727	96.270829378068
ENSMUSG00000097660	2955.96426358403	2772.72152654904	2988.72844375324	3289.82678595772	3557.47322513739	3262.85649677065
ENSMUSG00000097715	120.513872455317	100.699343466902	103.782223088593	148.362860582906	172.152427875382	191.50648854777
ENSMUSG00000097788	128.226760292458	158.526689220172	162.658676571545	219.194161764422	225.756776674902	261.898062716679
ENSMUSG00000098158	2.89233293892762	7.97618562114072	2.99371797370942	14.3576961854425	28.8638801228186	28.984765834257
ENSMUSG00000098609	372.14683814202	357.93132974869	385.191712617279	590.579903094534	679.332035747766	525.866465850092
ENSMUSG00000099041	437.706384757713	445.669371581238	437.082824161576	630.781452413773	610.264894025307	590.047018768804
ENSMUSG00000101191	17.3539976335657	13.9583248369963	14.9685898685471	46.9018075391121	41.2341144611694	39.3364679179202
ENSMUSG00000102278	417.46005418522	374.880724193614	341.283849002874	513.048343693145	487.593403503328	515.514763766428
ENSMUSG00000102577	77.1288783714032	68.7946009823387	84.8220092551003	122.519007449109	129.887460552684	140.78314833782
ENSMUSG00000104713	0.96411097964254	0	0.997905991236475	22.972313896708	20.6170572305847	15.5275531254948
ENSMUSG00000104781	55.9184368192673	75.7737634008369	70.8513253777897	168.463635242525	124.733196245037	140.78314833782
ENSMUSG00000105102	38.5644391857016	31.9047424845629	14.9685898685471	196.221847867714	156.689634952444	150.099680213117
ENSMUSG00000106155	7.71288783714032	9.9702320264259	17.9623078422565	30.6297518622773	48.450084491874	38.3012977095539
ENSMUSG00000106702	50.1337709414121	56.8303225506276	53.8869235267696	110.075670755059	98.9618747068065	78.6729358358405
ENSMUSG00000106734	67.4877685749778	73.7797169955517	68.8555133953167	122.519007449109	127.825754829625	131.466616462523
ENSMUSG00000106820	33.7438842874889	25.9226032687073	24.9476497809119	92.846435332528	108.23955046057	157.345871671681
ENSMUSG00000107659	2958.85659652295	2808.61436184418	2938.83314419142	3552.09403627847	3610.04672107538	3511.29734677856
ENSMUSG00000108414	2348.57434640923	2213.39150986655	2204.37433464137	2695.4181638804	2684.34085142213	2685.23152050224
ENSMUSG00000108435	75.2006564121181	38.883904903061	60.872265465425	95.7179745696165	120.60978479892	103.517020836632
ENSMUSG00000108688	318.156623282038	281.16054314521	305.359233318361	514.962703184537	530.889223687556	494.811359599102
ENSMUSG00000109350	324.905400139536	316.056355237701	414.130986363137	748.514561134401	710.257621593643	739.111528773554
ENSMUSG00000109508	35.672106246774	32.9017656872055	49.8952995618237	77.5315594013894	81.4373760608096	71.4267443772762
ENSMUSG00000109881	115.693317557105	104.687436277472	136.713120799397	359.899584381758	407.186880304048	374.731615428609
ENSMUSG00000110030	364.43395030488	285.148635955781	314.340387239489	438.388323528844	443.266730457571	526.901636058458
ENSMUSG00000110104	971.82386747968	919.255392836468	967.96881149938	1122.7718417016	1155.58605777427	1168.70716524558
ENSMUSG00000110588	72.3083234731905	100.699343466902	78.8345733076815	113.904389737844	177.306692183028	146.994169588018
ENSMUSG00000110633	0	0	0	9.57179745696165	25.7713215382309	19.6682339589601
ENSMUSG00000111692	623.779803828723	630.118664070117	564.814791039845	765.743796556932	788.602439069865	707.021252314198
