AD_T1	AD_T2	AD_T3	KO_T1	KO_T2	KO_T3
ENSMUSG00000000303	10568.3239705028	11204.1137351217	10638.9495094906	13817.4270234736	14423.2301739735	13757.2802376559
ENSMUSG00000000385	2231.62195455563	2424.44128462753	2382.13766894037	2772.5823224431	2685.15565689541	2701.21934821384
ENSMUSG00000000544	103.079680758046	95.8500042759722	78.0337262069885	179.960764152869	222.814823224019	172.439463926566
ENSMUSG00000000628	2502.60462046596	2569.15599696576	2308.32198198781	2807.19016170327	2907.97048011943	2835.78193567099
ENSMUSG00000000958	279.484082880063	237.745598841382	219.338041230454	435.069979270672	336.592605295858	353.849767016942
ENSMUSG00000001036	2462.22288985972	2407.52657799059	2666.85531861451	2970.34140392977	2969.60011207501	2940.44172591543
ENSMUSG00000001089	3196.53278062064	3222.25161433636	2992.69885101937	3813.78388647041	4141.51126741496	3971.09146984647
ENSMUSG00000001281	22.3162195455563	39.4676488195179	32.6898042218466	121.621835114302	108.088892968247	101.669510523178
ENSMUSG00000001288	1648.21221500752	1596.56036534193	1879.13648784937	2112.06699027763	1976.88896349821	2024.41937129974
ENSMUSG00000001424	6547.15374381774	6161.65174546617	6370.29378400565	7140.09163707619	7241.95582887258	6861.69520040741
ENSMUSG00000001435	9839.32746534791	9255.16364817696	10101.1495045506	15100.8834623221	15293.6302068231	13895.8298647414
ENSMUSG00000001507	8917.9864012528	8169.80330564021	9284.95890881803	11643.0659225276	11761.7782216764	10827.8028707184
ENSMUSG00000001622	866.081853791829	876.745627347863	827.790203682243	1814.43957264019	1607.11117176473	1759.28123601381
ENSMUSG00000001750	1144.50325955068	1069.38534182408	1362.42667918148	1664.14267071032	1473.42227783032	1516.07181868386
ENSMUSG00000001911	2065.84432364579	1851.22067082025	1941.35256685224	2532.3050384368	2340.02971794416	2177.9203969916
ENSMUSG00000001918	1713.03551940175	1771.34566725694	1911.82629207122	2364.20981917313	2386.48897895683	2154.99491912853
ENSMUSG00000001930	0	0.939705924274237	0	7.91036325946676	12.3259263911159	12.9578787921697
ENSMUSG00000002014	997.853816822734	966.017690153915	1053.45530379435	1216.21835114302	1206.0444899615	1154.24797241019
ENSMUSG00000002028	1649.27489212874	1475.33830111055	1606.01844612491	1867.83452464159	1969.30377802675	1899.8243829135
ENSMUSG00000002108	62.6979501518011	39.4676488195179	64.3250986300852	227.422943709669	233.244453247271	171.442704019476
ENSMUSG00000002320	1348.53726682433	1275.18093924014	1361.37216936787	1513.84576878045	1531.25931705017	1565.90981403835
ENSMUSG00000002748	4638.58563411207	4580.12667491263	4409.96004050846	4922.22353820319	5301.09649636378	5060.55004829582
ENSMUSG00000002799	1495.18670955227	1341.90005986361	1505.84001383216	2210.94653102096	2159.88156299708	2094.19256479604
ENSMUSG00000002804	154.08818257646	122.161770155651	119.159608937699	239.28848859887	213.333341384699	198.355221510906
ENSMUSG00000002871	660.985169396954	656.854441067691	801.427458342044	902.770206986644	909.274108390783	854.223240376111
ENSMUSG00000002900	524.962497881182	565.702966413091	641.141966673636	797.95789379871	833.422253676224	755.544009574203
ENSMUSG00000002980	1550.44591985556	1571.18830538652	1729.39609431704	1970.66924701466	2081.18526373073	1890.85354374969
ENSMUSG00000002981	2519.60745440543	2735.4839455623	2663.69178917369	3127.55987371167	2887.11122007293	3072.01403365131
ENSMUSG00000002992	222.099518334346	237.745598841382	284.717649674147	521.095179717373	453.214831919494	518.315151686788
ENSMUSG00000003355	876.708625003999	826.001507437054	906.87843970284	1562.29674374469	1516.08894610726	1272.8624013539
ENSMUSG00000003458	1863.93567061456	1916.06037959517	2015.1682538048	2331.57957072783	2357.09638525494	2269.62230844388
ENSMUSG00000003526	494.14486136589	611.748556702528	571.544318975511	772.249213205443	861.866699194184	799.401445486162
ENSMUSG00000003617	1750.22921864435	1992.17655946138	1809.53884015125	5890.25424208044	6149.68912098292	5920.75384811447
ENSMUSG00000003810	4334.65997744401	4260.62666065939	4358.28905964167	5222.81734206293	5050.78537580574	5138.29732104883
ENSMUSG00000003847	3326.17938940911	3472.2133901933	3260.54434367579	3593.28251061278	3819.14088487808	3891.35067727927
ENSMUSG00000004040	1583.38891061328	1541.11771580975	1660.85295643253	2320.70282124606	2107.73341288083	2116.12128275202
ENSMUSG00000004099	7573.69984291333	6817.56648060959	7063.10673154607	8056.7049797669	8257.42253386375	8028.90105160977
ENSMUSG00000004446	844.82831136749	889.901510287702	841.498831259147	978.907453359012	1021.15559409476	1091.45209826353
ENSMUSG00000004655	3269.85750198461	3206.2766136237	3626.45924899775	3881.02197417588	3899.7334805123	3693.99221567546
ENSMUSG00000004668	3.18803136365091	7.51764739419389	0	287.739463563104	265.481491500959	369.797925530382
ENSMUSG00000004837	14.8774796970376	15.975000712662	15.8176472041193	52.4061565939673	26.5481491500959	49.8379953544989
ENSMUSG00000004880	2948.92901137709	3087.87366716514	3113.96747958429	3837.51497624881	3683.5556945758	3876.39927867292
ENSMUSG00000004952	56.3218874244993	63.9000028506481	80.1427458342044	115.689062669701	126.103708462955	143.533426620957
ENSMUSG00000005148	2940.42759440735	2997.66189843482	2997.97140008741	3466.71669846131	3396.26679484441	3233.48913859989
ENSMUSG00000005397	3566.34441880415	3580.27957148484	3740.34630886741	4218.20120811065	4593.77795115052	4193.36892912754
ENSMUSG00000005514	3462.20206092488	3173.3869062741	3538.93493446829	4105.47853166325	4007.82237348054	3650.1347797635
ENSMUSG00000006362	27.6296051516412	45.1058843651634	34.7988238490625	76.1372463723676	88.1777811056755	77.7472727530183
ENSMUSG00000006386	1.06267712121697	0	2.10901962721591	20.7647035561003	20.8592600465039	15.9481585134396
ENSMUSG00000006403	63.7606272730181	35.708825122421	55.8890201212215	116.677858077135	118.518522991499	137.552867178417
ENSMUSG00000006777	1211.45191818734	1235.71329042062	1219.01334453079	1851.02500271522	1957.92599981957	1833.04146913847
ENSMUSG00000006930	22.3162195455563	13.1558829398393	12.6541177632954	101.845926965635	97.6592629449955	70.7699534033884
ENSMUSG00000007038	2381.45942864723	2231.80157015131	2582.49453352588	3332.24052305037	3291.97049461189	3228.50533906444
ENSMUSG00000007476	516.461080911447	469.852962137118	515.655298854289	673.369672462108	621.985208659389	622.974941931236
ENSMUSG00000007594	235.914320910167	277.2132476609	292.099218369403	441.002751715272	367.881495365614	370.794685437472
ENSMUSG00000007817	3031.81782683201	2976.98836810078	3167.74748007829	3564.60744379721	3704.4149546223	3405.92860252645
ENSMUSG00000007872	71.1993671215369	63.9000028506481	69.5976476981249	212.591012598169	220.918526856155	234.238578166145
ENSMUSG00000008734	58.4472416669333	58.2617673050027	44.289412171534	298.61621304487	268.325936052755	284.076573520644
ENSMUSG00000009418	672.674617730341	651.216205522046	668.559221827442	825.644165206844	806.874104526128	847.245921026481
ENSMUSG00000009563	372.999669547156	333.595603117354	389.114121221335	488.464931272073	512.000019323277	436.58083930541
ENSMUSG00000009687	18.0655110606885	26.3117658796786	25.3082355265909	105.801108595368	109.037041152179	80.7375524742882
ENSMUSG00000009828	1820.36590864467	1901.96479073106	1755.75883965724	2338.50113857986	2505.00750194833	2274.60610797933
ENSMUSG00000009905	333.680616062128	376.822075633969	364.860395508352	485.498545049773	510.103722955413	478.444755403189
ENSMUSG00000010095	6905.27593366786	7528.92386528519	7316.18908681198	8834.88696541694	9103.17071393109	8125.5867625975
ENSMUSG00000010307	498.395569850758	518.717670199379	521.982357735937	906.725388616378	891.259292896075	778.469487437273
ENSMUSG00000010609	10.6267712121697	10.3367651670166	3.16352944082386	112.722676447401	82.4888920020836	100.672750616088
ENSMUSG00000012126	850.141696973575	902.117687303267	860.48000790409	1035.26879158271	1130.19263524694	1046.59790244448
ENSMUSG00000013236	3630.10504607716	3259.83985130733	3624.35022937054	4129.20962144165	4075.14089453972	4141.53741395886
ENSMUSG00000013629	2687.51043955771	2370.8780469439	2449.62629701128	2804.22377548097	3005.62974306442	2913.529208424
ENSMUSG00000013846	1514.31489773418	1552.39418690104	1673.50707419582	2194.13700909459	2153.24452570956	2117.11804265911
ENSMUSG00000014599	1361.28939227894	1540.17800988547	1495.29491569608	2326.63559369066	2314.429716978	2054.32216851244
ENSMUSG00000014773	12.7521254546036	8.45735331846813	7.38156869525567	236.32210237657	277.807417892075	270.121934821384
ENSMUSG00000014867	5722.51629775338	5899.47379259366	6322.84084239329	6804.88999395628	6987.8521155788	6955.39063167386
ENSMUSG00000015134	874.583270761565	968.836807926738	871.025106040169	2230.72243916963	2192.11860125077	2284.57370705023
ENSMUSG00000015363	1280.52593106645	1135.16475652328	1290.72001185613	1501.98022389125	1411.79264587474	1447.29538509465
ENSMUSG00000015533	3381.43859971239	3733.45163714154	3597.98748403034	5475.94896636587	5942.04466870181	5464.23781066726
ENSMUSG00000015714	6167.77801154329	6564.78558697982	6392.43849009141	7591.97113827323	7596.56324966315	7810.61063195706
ENSMUSG00000016319	4232.64297380719	4289.75754431189	4072.51690015392	4630.52889301036	4782.45943975298	4881.13326501962
ENSMUSG00000016520	728.99650515484	675.648559553176	730.775300830312	891.893457504878	871.348181033503	830.301002605951
ENSMUSG00000017167	347.495418637949	399.375017816551	372.241964203607	599.210016904607	574.577799462789	560.179067784567
ENSMUSG00000017418	1193.38640712666	1295.85446957417	1248.53961931182	1649.31073959882	1468.68153691066	1555.94221496745
ENSMUSG00000017421	5602.43378305586	5648.57231081244	5443.37965784425	6421.23737587215	6332.6817204818	6685.26869685248
ENSMUSG00000017466	4697.032875779	4870.49580551337	4939.32396693965	5840.81447170877	5744.82984644396	5598.8003981244
ENSMUSG00000017493	42998.041678681	40983.3944753723	43066.1807877488	49196.5267014387	48412.4462715677	47150.7306449843
ENSMUSG00000017615	5683.19724426835	5598.7678968259	5751.29652341778	6239.29902090441	6412.32616793208	6215.7947806131
ENSMUSG00000017631	1925.57094364515	1860.61773006299	1929.75295890255	2254.45352894803	2184.53341577932	2224.76811262483
ENSMUSG00000017679	693.92816015468	605.170615232608	618.997260587868	839.48730091091	838.162994595884	760.527809109653
ENSMUSG00000017707	4151.8795125947	4410.97960854327	4221.20278387264	4720.50927508679	4755.91129060289	4832.29202957221
ENSMUSG00000017723	9769.19077534759	9065.34305147356	10075.841269024	11825.0042774954	11409.0670972537	10639.4152482784
ENSMUSG00000017897	3536.58945941007	3325.61926600652	3740.34630886741	4566.25719152719	4463.88164995183	4214.30088717643
ENSMUSG00000018293	33699.6168680325	30849.6057879989	32003.3183331878	39153.3317481382	35966.1050610924	36629.9298256496
ENSMUSG00000018377	2777.83799486116	2742.06188703222	2659.47374991926	3701.06121002301	3311.88160647446	3428.85408038952
ENSMUSG00000018378	173.216370758366	162.569124899443	180.32117812696	667.436900017508	661.807432384533	650.884219329755
ENSMUSG00000018501	5805.4051132083	5926.72526439761	5574.13887473164	6413.32701261268	6625.65950931678	6278.59065475977
ENSMUSG00000018707	4587.57713229365	4361.17519455673	4264.43768623056	4730.39722916113	5355.14094284791	4978.81573591444
ENSMUSG00000018740	664.173200760605	554.4264953218	540.96353438088	821.68898357711	777.481510824236	689.757855706264
ENSMUSG00000018899	1621.64528697709	1915.12067367089	1807.42982052403	2297.9605268751	2450.96305546421	2390.23025720177
ENSMUSG00000018983	816.136029094632	792.172094163182	893.169812125936	1221.16232818018	1188.97782265072	1054.5719817012
ENSMUSG00000019055	469.7032875779	456.697079197279	492.456082954914	753.462100464209	686.459285166765	662.845338214835
ENSMUSG00000019188	5373.95820199421	5300.88111883097	5453.92475598033	6033.62957615827	5885.15577766589	5785.19450075023
ENSMUSG00000019528	673.737294851558	636.180910733658	646.414515741675	869.151163133911	875.140773769231	868.17787907537
ENSMUSG00000019558	166.840308031064	177.604419687831	153.958432786761	277.85150948877	226.607415959747	234.238578166145
ENSMUSG00000019579	1861.81031637213	1683.95301629943	1981.42393976934	2150.63001116753	2264.1778632296	2053.32540860535
ENSMUSG00000019710	1572.76213940111	1456.54418262507	1611.29099519295	1903.43115930919	1773.03710395283	1714.42704019476
ENSMUSG00000019731	2190.17754682817	2239.31921754551	2234.50629503525	2566.91287769697	2584.65194939862	2456.0164110697
ENSMUSG00000019818	5142.29458956891	5605.34583829582	5181.86122406948	5769.62120237357	5821.62984934245	6222.77209996273
ENSMUSG00000019820	1104.12152894443	1211.28093638949	1195.81412863142	1495.05865603922	1664.94821098458	1509.09449933423
ENSMUSG00000019838	82.8888154549235	80.8147094875844	49.5619612395738	161.173651411635	154.548153980915	138.549627085507
ENSMUSG00000019873	2404.838325314	2550.36187848028	2388.46472782201	2808.1789571107	2804.62232807084	2784.9471804094
ENSMUSG00000020021	1612.08119288614	1589.98242387201	1652.41687792366	2158.54037442699	2144.71119205417	2026.41289111392
ENSMUSG00000020048	28231.08040225	29612.952791654	28060.5061401076	31656.2849689786	32912.1197606474	33389.4633677001
ENSMUSG00000020091	2050.96684394875	1954.58832249041	2004.62315566872	2398.8176584333	2373.21490438178	2359.33070008198
ENSMUSG00000020099	2840.53594501296	2524.0501126006	2906.22904630352	3580.42817031614	3503.40753962872	3309.24289153873
ENSMUSG00000020130	2668.38225137581	2947.85748444828	2622.56590644298	3046.47865030214	3352.65197838353	3366.05820624285
ENSMUSG00000020142	2438.84399319294	2665.00600124174	2582.49453352588	3272.91279860437	3323.25938468164	3036.13067699607
ENSMUSG00000020182	383.626440759326	476.430903607038	482.965494632443	1634.47880848732	1582.4593189825	1616.74456929994
ENSMUSG00000020231	821.449414700717	858.891214786652	850.989419581618	1359.59368522085	1311.28893837795	1223.0244059994
ENSMUSG00000020238	2408.02635667765	2220.52509906002	2374.75610024511	3062.29937682107	2730.66676972415	2565.6600008496
ENSMUSG00000020275	740.685953488227	801.569153405924	759.247065797726	918.590933505578	901.688922919327	935.957552757489
ENSMUSG00000020282	989.352399852998	913.394158394558	1089.30863745702	1304.22114240458	1150.10374710951	1180.16372999453
ENSMUSG00000020303	2082.84715758526	2205.48980427163	2160.6906080827	2984.18453963384	3121.30382150413	2755.0443831967
ENSMUSG00000020315	13642.6488821834	13267.7079448279	12828.1118825408	13988.4886289595	15378.963543377	14874.6480935037
ENSMUSG00000020368	17776.4628837174	19309.077331987	17837.0334971785	20032.9949545996	20766.3415244786	20863.1816153003
ENSMUSG00000020484	2389.96084561696	2527.8089362977	2675.29139712338	3185.89880275024	3231.28901084024	3158.73214556814
ENSMUSG00000020571	15881.7095765876	16330.2095520377	15909.3895579032	17703.3929746866	18254.6969852427	18043.3478381428
ENSMUSG00000020576	750.25004757918	745.18679794947	676.995300336306	879.039117208244	953.837073035587	866.18435926119
ENSMUSG00000020577	264.606603183025	268.755894342432	247.809806197869	876.072730985944	838.162994595884	774.482447808913
ENSMUSG00000020581	0	5.63823554564542	5.27254906803977	68.2268831129008	60.6814837716477	59.8055944253987
ENSMUSG00000020592	3566.34441880415	3517.31927455847	3910.12238885829	4316.09195344655	4410.78535165164	4120.60545590997
ENSMUSG00000020607	243.353060758686	252.78089362977	211.956472535199	383.652618084138	328.05927164047	288.063613149004
ENSMUSG00000020610	1154.06735364163	1056.22945888424	1111.45334354278	1290.37800670052	1377.65931125319	1377.52219159835
ENSMUSG00000020612	8899.92089019211	8666.90773958129	8591.091451464	9538.90929550948	9319.34849986758	9735.35401254781
ENSMUSG00000020614	4.25070848486787	3.75882369709695	0	85.0364050392677	105.244448416451	86.7181119168281
ENSMUSG00000020620	2.12535424243394	0	2.10901962721591	20.7647035561003	20.8592600465039	12.9578787921697
ENSMUSG00000020682	229.538258182865	271.575012115254	262.57294358838	355.966346676004	390.637051779982	333.914568875142
ENSMUSG00000020715	1354.91332955163	1583.40448240209	1596.52785780244	2007.25467708969	2074.54822644321	1934.71097966165
ENSMUSG00000020716	1601.45442167397	1449.02653523087	1341.33648290932	1749.17907574959	1805.27414220652	1791.17755304069
ENSMUSG00000020719	14190.9902767314	14680.0859490121	13908.9844414889	15162.1887775829	15361.8968760662	16166.4489330923
ENSMUSG00000020743	651.421075306002	710.417678751323	672.777261081874	852.341641207544	859.022254642388	895.0903965668
ENSMUSG00000020747	1518.56560621905	1369.15153166756	1492.13138625525	1826.30511752939	1796.74080855113	1668.57608446862
ENSMUSG00000020758	747.062016215529	775.257387526245	894.224321939544	1139.09230936321	1191.82226720252	1100.42293742734
ENSMUSG00000020776	2417.5904507686	2467.66775714415	2421.15453204386	3197.76434763944	3067.25937502	3028.15659773935
ENSMUSG00000020788	707.742962730501	698.201501735758	781.391771883493	940.344432469112	938.666702092675	891.10335693844
ENSMUSG00000020806	735.372567882142	672.829441780354	805.645497596476	1484.18190655745	1388.08894127644	1357.58699345655
ENSMUSG00000020841	6485.51847078716	6597.67529432942	6399.82005878667	9039.56761475564	9530.78554488441	9447.29039939881
ENSMUSG00000020844	274.170697273978	273.454423963803	318.461963709602	611.075561793808	673.185210591717	632.942541002136
ENSMUSG00000020850	7224.07907003295	7053.43266760242	7175.93928160212	7663.16440760843	8671.76329024203	8188.38263674417
ENSMUSG00000020894	925.59177257998	939.705924274237	944.840792992726	1099.54049306588	1120.71115340762	1115.37433603368
ENSMUSG00000020899	1335.78514136973	1309.95005843829	1467.87766054227	1676.99701100695	1566.34079985566	1590.8288117156
ENSMUSG00000020900	226.350226819214	213.313244810252	195.084315517471	345.089597194238	373.570384469206	374.781725065832
ENSMUSG00000020935	1633.33473531048	1345.65888356071	1468.93217035588	1839.15945782602	1777.77784487249	1661.59876511899
ENSMUSG00000020941	243.353060758686	254.660305478318	274.172551538068	373.764664009805	400.118533619302	372.788205251652
ENSMUSG00000021025	2066.907000767	2039.16185567509	2214.4706085767	2777.52629948027	2787.55566076007	2679.29063025786
ENSMUSG00000021036	2026.52527016076	2175.41921469486	2065.78472485798	2445.29104258266	2443.37786999275	2364.31449961743
ENSMUSG00000021127	1018.04468212586	911.51474654601	1006.00236218199	1555.37517589265	1353.00745847096	1344.62911466438
ENSMUSG00000021182	734.309890760925	693.502972114387	727.611771389488	1030.32481454555	1044.85929869306	945.925151828389
ENSMUSG00000021185	63.7606272730181	71.417650244842	52.7254906803977	234.344511561703	196.266674073923	159.481585134396
ENSMUSG00000021208	635.480918487747	551.607377548977	588.416475993238	1372.44802551748	1328.35560568873	1294.79111930988
ENSMUSG00000021211	1344.28655833947	1397.34270939579	1453.11452315176	2552.08094658546	2578.96306029503	2684.27442979331
ENSMUSG00000021213	1534.5057630373	1667.97801558677	1501.62197457773	3338.17329549497	3413.33346215518	3532.51711072688
ENSMUSG00000021216	9.56409409095272	10.3367651670166	13.7086275769034	48.4509749642339	41.7185200930078	67.7796736821185
ENSMUSG00000021248	2708.76398198205	2746.76041665359	2873.53924208167	3451.88476734981	3419.97049944271	3523.54627156307
ENSMUSG00000021250	87.1395239397914	70.4779443205678	62.2160790028692	125.577016744035	112.829633887907	136.556107271327
ENSMUSG00000021281	2680.07169970919	2947.85748444828	2995.8623804602	4054.06117047672	3883.61496138545	3743.83021102996
ENSMUSG00000021285	671.611940609124	625.844145566642	695.976476981249	1039.22397321245	986.074111289275	964.863590063098
ENSMUSG00000021360	931.967835307281	941.585336122785	973.312557960141	1386.29116122155	1267.67412191708	1246.94664376956
ENSMUSG00000021366	923.466418337546	917.152982091655	977.530597214573	1177.65533025311	1298.96301198683	1212.06004702141
ENSMUSG00000021427	5521.67032184337	5716.23113736018	5183.9702436967	6970.01882699765	6875.97062987483	7612.25541044616
ENSMUSG00000021453	161.526922424979	163.508830823717	142.358824837074	318.392121193537	284.444455179599	284.076573520644
ENSMUSG00000021484	3196.53278062064	3079.41631384667	3348.06865820525	3903.76426854685	3725.27421466881	3653.12505948477
ENSMUSG00000021556	9530.08842307377	9900.74161815336	9712.03538332925	11343.4609140753	11399.5856154144	11680.0325912804
ENSMUSG00000021583	601.475250608804	666.251500310434	590.525495620454	965.064317654945	1030.63707593408	928.980233407859
ENSMUSG00000021610	1924.50826652393	2181.99715616478	2145.92747069218	2470.99972317593	2546.72602204134	2530.77340410145
ENSMUSG00000021745	177.467079243234	134.377947171216	170.830589804488	298.61621304487	310.044456145762	270.121934821384
ENSMUSG00000021756	1855.43425364483	1928.27655661073	1835.90158549145	2029.00817605323	2420.62231357838	2256.66442965171
ENSMUSG00000021822	174.279047879583	196.398538173316	187.702746822216	387.607799713871	430.459275505126	361.823846273662
ENSMUSG00000021866	1687.53126849255	1622.87213122161	1914.98982151204	2965.3974268926	2991.40752030544	2779.96338087395
ENSMUSG00000021870	15861.5187112845	16152.6051323499	15842.9554396459	17286.1213127497	17597.6302937778	17464.2303321235
ENSMUSG00000021871	766.190204397434	901.177981378993	925.859616347783	1149.96905884498	1051.49633598058	1082.48125909972
ENSMUSG00000021910	3798.00803122945	3695.86340017057	3817.32552526079	4185.57095966535	4313.12608870665	4074.75450018383
ENSMUSG00000021978	730.059182276057	760.222092737858	747.647457848039	914.635751875845	914.014849310443	924.993193779499
ENSMUSG00000021990	472.891318941551	588.255908595672	575.762358229942	856.296822837277	901.688922919327	930.973753222039
ENSMUSG00000022094	1049.92499576236	1019.58092783755	1010.22040143642	1256.75896284778	1318.87412384941	1335.65827550057
ENSMUSG00000022098	324.116521971175	402.194135589373	395.441180102982	486.487340457206	536.651872105509	469.473916239379
ENSMUSG00000022102	752.375401821614	648.397087749223	737.102359711959	1250.82619040318	1275.25930738853	1106.40349686987
ENSMUSG00000022126	6.37606272730181	5.63823554564542	5.27254906803977	49.4397703716673	49.3037055644637	59.8055944253987
ENSMUSG00000022131	230.600935304082	268.755894342432	239.373727689005	337.179233934771	321.422234352946	354.846526924032
ENSMUSG00000022136	2255.00085122241	2225.22362868139	2162.79962770991	3026.70274215347	3081.48159777898	2992.27324108411
ENSMUSG00000022246	2111.53943985812	2169.78097914921	2037.31295989057	3161.17891756441	3072.00011593966	3051.08207560242
ENSMUSG00000022263	704.55493136685	672.829441780354	711.794124185368	871.128753948777	987.970407657139	884.12603758881
ENSMUSG00000022443	9006.18860231381	7870.03711579673	8945.40674883627	9584.39388425142	10590.8152145204	9701.46417570675
ENSMUSG00000022462	6804.32160715225	7122.03120007444	7158.01261477079	8692.50042674654	8577.89662003276	8826.30897728175
ENSMUSG00000022469	144.524088485508	161.629418975169	152.903922973153	426.170820603772	371.674088101342	411.661841628161
ENSMUSG00000022475	1863.93567061456	1709.32507625484	1961.38825331079	3433.09765460858	3251.20012270281	3006.22787978337
ENSMUSG00000022498	934.093189549715	956.620630911173	872.079615853777	1148.98026343755	1111.2296715683	1199.10216822924
ENSMUSG00000022505	1074.36656955036	1135.16475652328	1262.24824688872	1609.75892330149	1639.34821001842	1583.85149236597
ENSMUSG00000022561	451.637776517212	371.183840088324	432.349023579261	559.658200607274	549.925946680557	555.195268249117
ENSMUSG00000022564	2851.16271622513	2539.08540738899	2880.92081077693	4582.07791804612	4446.81498264106	4218.28792680478
ENSMUSG00000022575	1506.87615788566	1516.68536177862	1598.63687742966	1954.84852049572	2135.22971021485	1981.55869529488
ENSMUSG00000022582	0	0	0	7.91036325946676	19.9111118625719	16.9449184205296
ENSMUSG00000022583	35.06834500016	45.1058843651634	48.5074514259658	197.759081486669	214.281489568631	197.358461603816
ENSMUSG00000022587	74.3873984851878	47.9250021379861	65.3796084436931	4902.44763005453	4525.51128190741	4153.49853284394
ENSMUSG00000022607	2120.04085682785	2053.25744453921	2107.9651174023	2433.42549769346	2317.2741615298	2396.21081664431
ENSMUSG00000022620	1350.66262106677	1346.59858948498	1582.81923022554	1779.83173338002	1830.87414317268	1713.43028028767
ENSMUSG00000022797	3647.10788001664	3455.29868355637	3498.86356155119	3840.48136247111	4019.20015168773	4443.55566580712
ENSMUSG00000022801	976.600274398394	1013.00298636763	962.767459824061	1232.03907766195	1143.46670982199	1235.98228479157
ENSMUSG00000022822	2604.62162410279	2604.86482208818	2778.63335885696	3271.92400319694	3466.42976045537	3215.54746027227
ENSMUSG00000022836	309.239042274138	277.2132476609	355.36980718588	581.411699570807	720.592619788316	532.269790386048
ENSMUSG00000022865	3451.57528971271	3592.49574850041	3321.70591286505	4015.49814958682	4178.4890465883	4304.00927881452
ENSMUSG00000022892	5792.6529877537	5742.54290323986	6018.08750626059	6977.92919025712	7097.83730491492	6811.85720505291
ENSMUSG00000022895	1281.58860818766	1463.12212409499	1290.72001185613	6445.95726105798	6484.38542991091	6430.09816063745
ENSMUSG00000022899	57.3845645457163	39.4676488195179	45.343921985142	111.733881039968	119.466671175431	146.523706342227
ENSMUSG00000022900	45.6951162123296	39.4676488195179	44.289412171534	109.756290225101	95.7629665771315	75.7537529388383
ENSMUSG00000022914	408.068014547316	378.701487482517	376.460003458039	529.994338384273	473.125943782066	531.273030478958
ENSMUSG00000023000	301.800302425619	358.967663072758	387.005101594119	514.17361186534	485.451870173181	501.370233266259
ENSMUSG00000023009	39.3190534850278	33.8294132738725	30.5807845946306	96.9019499284679	86.2814847378116	72.7634732175684
ENSMUSG00000023018	1274.14986833915	1301.49270511982	1165.23334403679	1470.33877085338	1495.22968606076	1489.15930119243
ENSMUSG00000023022	5844.72416669333	5913.56938145777	5646.90005187059	6545.82559720875	6738.48914320469	6834.78268291598
ENSMUSG00000023088	2512.16871455691	2648.0912946048	2490.75217974199	2862.56270451954	3078.63715322719	2905.55512916728
ENSMUSG00000023805	647.170366821134	651.216205522046	661.177653132187	810.812234095343	882.725959240687	908.04827535897
ENSMUSG00000023909	1246.5202631875	1137.9838742961	1265.41177632954	1725.44798597119	1526.51857613051	1671.56636418989
ENSMUSG00000023942	4943.57396790134	4641.20755999046	5018.41220296025	5948.59317111901	5830.16318299784	5624.71615570874
ENSMUSG00000023947	168.965662273498	132.498535322667	158.176472041193	483.520954234906	483.555573805318	401.694242557261
ENSMUSG00000023961	1083.93066364131	1247.92946743619	1099.8537355931	1723.47039515632	1971.20007439462	1933.71421975456
ENSMUSG00000023977	2414.40241940495	2320.13392703309	2429.59061055272	2746.87364184983	3088.11863506651	2637.42671416008
ENSMUSG00000023991	2572.74131046628	2272.2089248951	2733.28943687181	3084.0528757846	2946.84455566064	2855.71713381279
ENSMUSG00000023994	1592.95300470424	1533.60006841555	1411.98864042105	1716.54882730429	1779.67414124035	1831.04794932429
ENSMUSG00000024073	2462.22288985972	2341.7471632914	2133.27335292889	2566.91287769697	3046.4001149735	2849.73657437025
ENSMUSG00000024085	1815.05252303858	1910.42214404952	1861.20982101804	2055.70565205393	2377.95564530144	2187.8879960625
ENSMUSG00000024164	141.336057121857	218.951480355897	199.302354771903	699.078353055375	777.481510824236	720.657412826054
ENSMUSG00000024236	439.948328183825	415.350018529213	418.640396002357	733.686192315542	775.585214456372	686.767575984995
ENSMUSG00000024268	211.472747122177	188.880890779122	217.229021603238	326.302484453004	345.125938951246	331.921049060963
ENSMUSG00000024299	73.3247213639708	64.8397087749223	51.6709808667897	153.263288152169	134.637042118343	181.410303090376
ENSMUSG00000024304	2352.76714637437	2503.37658226657	2387.41021800841	2840.809205556	3023.64455855913	2906.55188907437
ENSMUSG00000024308	1082.86798652009	1231.95446672352	1320.24628663716	1711.60485026712	1735.11117659555	1674.55664391116
ENSMUSG00000024327	2842.66129925539	2670.64423678738	2936.80983089815	3326.30775060577	3214.22234352946	3207.57338101555
ENSMUSG00000024349	188.093850455403	182.302949309202	211.956472535199	626.896288312741	727.22965707584	585.098065461817
ENSMUSG00000024388	2094.53660591864	1948.95008694477	1931.86197852977	2448.25742880496	2480.3556491661	2321.45382361256
ENSMUSG00000024401	29.7549593940751	36.6485310466952	49.5619612395738	88.0027912615678	107.140744784315	90.705151545188
ENSMUSG00000024427	295.424239698317	283.79118913082	271.009022097244	547.792655718073	600.177800428953	543.234149364038
ENSMUSG00000024451	2753.39642107317	2637.75452943778	2847.17649674147	7209.30731559652	7067.49656302909	6543.7287900457
ENSMUSG00000024457	2344.26572940463	2239.31921754551	2344.17531565048	4626.57371138062	4337.77794148888	4268.12592215928
ENSMUSG00000024459	1.06267712121697	7.51764739419389	2.10901962721591	35.5966346676004	24.6518527822319	19.9351981417995
ENSMUSG00000024462	1296.4660878847	1323.10594137813	1339.2274632821	2025.05299442349	2040.41489182165	1843.00906820937
ENSMUSG00000024493	2144.48243061584	2445.11481496156	2296.72237403812	2615.3638526612	2769.54084526536	2610.51419666865
ENSMUSG00000024524	200.845975910007	206.735303340332	234.101178620966	412.327684899705	361.24445807809	371.791445344562
ENSMUSG00000024600	0	3.75882369709695	0	93.9355637061678	64.4740765073757	98.6792308019078
ENSMUSG00000024640	6639.60665336362	7294.9370901409	6838.49614124758	8008.25400480267	8188.20771643671	7505.60210038753
ENSMUSG00000024659	3592.91134683457	3622.56633807718	3293.23414789764	5611.41393718424	6157.27430645438	6026.410398266
ENSMUSG00000024661	31865.436156812	31210.4528629202	32052.8802944273	40892.6228698134	39481.8385271122	38951.3836492621
ENSMUSG00000024691	2188.05219258574	2353.02363438269	2039.42197951778	2481.8764726577	2578.96306029503	2671.31655100114
ENSMUSG00000024730	309.239042274138	311.982366859047	341.661179608977	606.131584756641	618.192615923661	623.971701838326
ENSMUSG00000024747	104.142357879263	128.73971162557	113.887059869659	184.904741190036	199.111118625719	154.497785598947
ENSMUSG00000024754	995.728462580299	1078.78240106682	969.094518705709	1466.38358922365	1482.90375966964	1442.3115855592
ENSMUSG00000024776	633.355564245313	627.72355741519	628.48784891034	879.039117208244	918.755590230103	910.041795173149
ENSMUSG00000024811	7949.88754382414	8380.29743267764	7876.1337978378	8847.74130571358	9144.88923402409	9111.38231070948
ENSMUSG00000024812	8150.73351973415	7803.31799517326	7957.33105348561	9783.14176114552	10114.8448261865	9832.03972353554
ENSMUSG00000024843	2709.82665910327	2728.90600409238	2690.05453451389	3166.12289460157	3141.2149333667	3177.67058380285
ENSMUSG00000024887	248.666446364771	310.102955010498	326.898042218465	1343.77295870192	1279.05190012426	1395.46386992597
ENSMUSG00000024913	193.407236061488	166.32794859654	260.463923961164	347.067188009104	318.57778980115	313.979370733343
ENSMUSG00000024986	464.389901971815	410.651488907841	363.805885694744	729.731010685809	660.859284200601	701.718974591344
ENSMUSG00000025041	1976.57944546356	2153.80597843655	2112.18315665673	2344.43391102446	2364.6815707264	2421.12981432156
ENSMUSG00000025059	3925.52928577548	4507.76931874351	4119.96984176627	4717.54288886449	5123.7927859685	5340.6395821881
ENSMUSG00000025076	415.506754395835	437.902960711794	363.805885694744	589.322062830274	530.962983001917	598.055944253987
ENSMUSG00000025130	28558.3849555848	29916.4778051946	29568.455173567	35401.8419723361	35318.5198514668	35404.911899836
ENSMUSG00000025260	1710.91016515932	1891.62802556404	1983.53295939656	2239.62159783653	2225.30378768839	2165.95927810652
ENSMUSG00000025261	6927.59215321342	6563.84588105554	6324.9498620205	7399.15603382373	8599.7040282632	7711.93140115516
ENSMUSG00000025283	1313.46892182417	1259.20593852748	1182.10550105452	1416.94381885198	1412.74079405867	1604.78345041486
ENSMUSG00000025314	700.304222881982	787.47356454181	741.320398966391	928.478887579911	969.955592162431	991.776107554528
ENSMUSG00000025323	249.729123485988	354.269133451387	325.843532404858	446.935524159872	440.888905528378	469.473916239379
ENSMUSG00000025358	993.603108337866	1119.18975581062	1096.69020615227	1263.68053069982	1292.32597469931	1269.87212163263
ENSMUSG00000025366	1333.6597871273	1274.24123331586	1398.28001284415	1871.78970627132	1928.53340611768	1771.24235489889
ENSMUSG00000025371	1266.71112849063	1214.10005416231	1248.53961931182	1702.70569160022	1570.13339259138	1519.06209840513
ENSMUSG00000025409	1223.14136652073	1200.94417122247	1295.99256092417	1497.03624685409	1502.81487153221	1415.39906806777
ENSMUSG00000025423	46.7577933335466	61.0808850778254	48.5074514259658	100.857131558201	103.348152048587	102.666270430268
ENSMUSG00000025571	1426.11269667317	1397.34270939579	1381.40785582642	1647.33314878395	1618.48894997192	1588.83529190142
ENSMUSG00000025809	15228.1631470392	16285.1036676725	15014.11072615	17624.2893420919	18304.0006908072	19032.133665976
ENSMUSG00000025823	3835.20173047204	3844.3369362059	3807.83493693832	4292.36086366815	4244.85941946354	4318.96067742087
ENSMUSG00000025860	1989.33157091817	2227.10304052994	2032.04041082253	2667.77000925517	2633.00750677915	2640.41699388135
ENSMUSG00000025888	112.643774848999	98.6691220487949	71.7066673253408	157.218469781902	193.422229522127	172.439463926566
ENSMUSG00000025935	3795.88267698701	4049.19282769769	3782.52670141173	4325.97990752089	4402.25201799625	4530.27377772395
ENSMUSG00000026068	2.12535424243394	8.45735331846813	5.27254906803977	64.2717014831675	64.4740765073757	83.7278321955581
ENSMUSG00000026107	806.571935003679	916.213276167381	829.899223309459	1035.26879158271	1196.56300812218	1136.30629408257
ENSMUSG00000026110	287.985499849798	274.394129888077	245.700786570653	489.453726679506	511.051871139345	567.156387134197
ENSMUSG00000026116	3006.3135759228	2983.5663095707	2922.04669350764	3296.64388838277	3366.87420114251	3428.85408038952
ENSMUSG00000026123	2182.73880697965	2241.19862939405	2356.82943341378	2651.94928273623	2535.34824383415	2635.4331943459
ENSMUSG00000026149	358.122189850118	420.988254074858	405.986278239062	650.627378091141	836.26669822802	696.735175055894
ENSMUSG00000026166	2532.35957986004	2745.82071072932	2387.41021800841	7122.29331974239	7101.62989765064	6760.02568988423
ENSMUSG00000026179	590.848479396635	504.622081335265	553.617652144175	851.35284580011	752.829658042004	667.829137750285
ENSMUSG00000026219	5055.15506562912	5203.15170270645	5071.13769364065	5430.46437762393	5763.7928101226	5923.74412783574
ENSMUSG00000026223	645.0450125787	604.230909308334	684.376869031562	841.464891725777	777.481510824236	750.560210038753
ENSMUSG00000026238	11733.0180953566	10899.6490156569	10996.4283363037	12482.5532234386	11991.2300821879	12742.5786522383
ENSMUSG00000026321	646.107689699917	693.502972114387	613.724711519829	1283.45643884848	1291.37782651538	1360.57727317782
ENSMUSG00000026343	2116.8528254642	2256.23392418244	2264.03256981628	2493.7420175469	2510.69639105192	2536.75396354399
ENSMUSG00000026360	9.56409409095272	3.75882369709695	2.10901962721591	38.5630208899005	50.2518537483957	35.8833566552392
ENSMUSG00000026365	1.06267712121697	2.81911777282271	1.05450981360795	14.8319311115002	26.5481491500959	27.9092773985194
ENSMUSG00000026414	170.028339394715	100.548533897343	128.65019726017	246.210056450903	240.829638718727	270.121934821384
ENSMUSG00000026421	2027.58794728198	2095.54421113155	2067.8937444852	2306.859685542	2455.70379638387	2269.62230844388
ENSMUSG00000026433	54.1965331820654	66.7191206234708	51.6709808667897	113.711471854835	125.155560279023	82.7310722884681
ENSMUSG00000026553	5869.16574048132	5953.97673620156	5892.60083844124	6485.50907735531	6601.95580471848	6782.9511677473
ENSMUSG00000026657	609.97666757854	589.195614519947	606.343142824573	828.610551429144	812.56299362972	717.667133104784
ENSMUSG00000026663	2342.1403751622	2379.33540026237	2395.84629651727	2942.65513252164	3031.22974403059	2830.79813613554
ENSMUSG00000026670	1469.68245864307	1508.22800846015	1408.82511098023	1655.24351204342	1801.48154947079	1689.50804251751
ENSMUSG00000026701	2558.92650789046	2600.16629246681	2511.84237601414	3109.76155637787	3179.14086072398	3224.51829943608
ENSMUSG00000026764	163.652276667413	140.016182716861	127.595687446562	579.434108755941	670.340766039921	590.081864997267
ENSMUSG00000026819	272.045343031544	327.017661647434	312.134904827954	423.204434381472	429.511127321194	424.61972042033
ENSMUSG00000026825	5.31338560608484	2.81911777282271	9.49058832247158	34.6078392601671	34.1333346215518	42.860676004869
ENSMUSG00000026864	17855.1009906875	18612.7552420998	17671.4754564421	19635.4992008114	19661.7488901978	20837.265857716
ENSMUSG00000026923	378.313055153241	362.726486769855	388.059611407727	460.778659863939	514.844463875073	518.315151686788
ENSMUSG00000026979	764.064850155	731.091209085356	810.918046664516	948.254795728578	931.081516621219	910.041795173149
ENSMUSG00000027230	52.0711789396315	44.1661784408891	37.9623532898863	87.0139958541344	94.8148183931995	75.7537529388383
ENSMUSG00000027276	1370.85348636989	1333.44270654514	1352.936090859	1946.93815723626	1950.34081434811	2153.00139931435
ENSMUSG00000027282	2506.85532895083	2637.75452943778	2543.47767042238	2869.48427237157	2839.70381087633	2998.25380052665
ENSMUSG00000027313	195.532590303922	252.78089362977	230.937649180142	433.092388455805	468.385202862406	303.015011755353
ENSMUSG00000027332	910.714292882942	942.52504204706	949.058832247158	1227.09510062478	1063.8222623717	1115.37433603368
ENSMUSG00000027351	1660.96434046212	1776.98390280258	1616.56354426099	2140.74205709319	2070.75563370748	2096.18608461022
ENSMUSG00000027377	2074.34574061552	2050.43832676638	2125.89178423363	2559.99130984493	2437.68898088916	2346.37282128981
ENSMUSG00000027397	1159.38073924771	1264.84417407312	1061.89138230321	1544.49842641089	1481.95561148571	1694.49184205296
ENSMUSG00000027422	9022.12875913206	8754.30039053879	8228.34007558286	9885.97648351859	10444.8003941949	9964.60879117851
ENSMUSG00000027555	918.153032731461	1072.2044595969	970.149028519317	1184.57689810515	1215.52597180082	1268.87536172554
ENSMUSG00000027580	992.540431216649	962.258866456819	1104.07177484753	1223.13991899505	1421.27412771406	1315.72307735877
ENSMUSG00000027615	390.002503486627	384.339723028163	349.042748304233	444.957933345005	491.140759276773	525.292471036418
ENSMUSG00000027642	11399.3374792944	11834.6564103097	11774.6565787464	13215.2506203467	13440.000507236	13426.355948502
ENSMUSG00000027678	2776.77531773994	2718.56923892537	2712.19924059966	3247.20411801111	3362.13346022285	3340.14244865851
ENSMUSG00000027695	492.019507123456	525.295611669298	560.999220839431	849.375254985244	929.185220253355	772.488927994733
ENSMUSG00000027698	947.907992125536	1036.49563447448	933.241185043039	1145.02508180781	1268.62227010101	1172.18965073781
ENSMUSG00000027712	29894.1700969545	32100.3543732079	30445.8073384888	33689.2483266615	33862.1642409473	33758.2645333234
ENSMUSG00000027763	5778.83818517787	5938.94144141318	5448.65220691229	6326.31301675855	6625.65950931678	7047.09254312614
ENSMUSG00000027775	931.967835307281	1069.38534182408	972.258048146533	1162.82339914161	1184.23708173106	1343.63235475729
ENSMUSG00000027805	816.136029094632	656.854441067691	707.576084930937	1078.77578950978	916.859293862239	1009.71778588215
ENSMUSG00000027808	5338.88985699405	5547.08407099082	4968.85024172068	6290.71638209094	6477.74839262339	6822.8215640309
ENSMUSG00000027828	13259.0224414241	14609.6080046916	13356.4212991583	15347.093518773	15704.1783704656	16219.2772081681
ENSMUSG00000027858	1127.5004256112	1226.31623117788	1136.76157906937	2070.53758316543	2227.20008405626	2151.00787950017
ENSMUSG00000027864	6690.61515518203	7174.6547318338	6850.09574919726	8898.16987149268	8886.04477981066	8701.7139888955
ENSMUSG00000027878	1145.56593667189	999.847103427788	1139.9251085102	1232.03907766195	1403.25931221935	1339.64531512893
ENSMUSG00000027900	1757.66795849287	1816.4515516221	1870.70040934051	2323.66920746836	2091.61489375398	2183.90095643414
ENSMUSG00000027953	1087.11869500496	1156.77799278159	1179.9964814273	1364.53766225802	1416.5333867944	1280.83648061062
ENSMUSG00000027962	1311.34356758174	1460.30300632216	1389.84393433528	5085.3747804297	5763.7928101226	4910.03930232523
ENSMUSG00000028044	3397.37875653065	3267.35749870152	3397.63061944483	4097.56816840378	3828.6223667174	3941.18867263377
ENSMUSG00000028064	1459.0556874309	1415.197121957	1602.85491668409	2191.17062287229	1989.21488988933	1881.88270458588
ENSMUSG00000028080	1039.2982245502	1094.75740177949	997.566283673124	1320.04186892352	1515.14079792333	1480.18846202862
ENSMUSG00000028108	303.925656668053	286.610306903642	395.441180102982	586.355676607974	554.666687600217	417.642401070701
ENSMUSG00000028134	816.136029094632	762.101504586406	766.628634492982	942.322023283978	927.288923885491	1019.68538495305
ENSMUSG00000028163	2743.83232698221	2838.85159723247	2778.63335885696	3513.19008261068	3736.65199287599	3441.81195918169
ENSMUSG00000028214	156.213536818894	151.292653808152	133.92274632821	218.523785042769	210.488896832903	236.232097980325
ENSMUSG00000028217	15839.2024917389	16967.3301686956	16213.0883842223	19287.4432173948	20112.1192775655	19910.2791441223
ENSMUSG00000028382	6655.54681018187	6851.39589388346	6377.6753527009	7308.18685633986	7515.02250584499	8248.18823116956
ENSMUSG00000028465	3677.92551653193	3243.86485059467	3637.00434713383	4605.80900782452	5321.95575641029	4745.57391765538
ENSMUSG00000028517	1077.55460091401	1091.93828400666	1092.47216689784	1752.14546197189	1878.28155236928	1516.07181868386
ENSMUSG00000028599	1451.61694758238	1646.36477932846	1650.30785829645	2196.11459990946	2202.54823127402	2106.15368368112
ENSMUSG00000028649	3245.41592819662	3272.05602832289	3099.20434219377	4451.55692426492	4857.36314628361	4716.66788034977
ENSMUSG00000028757	3943.59479683617	3863.13105469139	4136.841998784	4886.62690353559	4710.40017777415	4545.2251763303
ENSMUSG00000028771	2550.42509092072	2661.24717754464	2609.91178867968	3288.73352512331	3200.94826895442	3273.35953488349
ENSMUSG00000028796	4160.38092956443	3775.73840373388	4224.36631331346	5713.25986414987	5482.1927994948	5026.66021145476
ENSMUSG00000028799	308.176365152921	279.092659509448	296.317257623835	402.439730825372	446.57779463197	378.768764694191
ENSMUSG00000028843	2507.91800607205	2480.82364008399	2523.44198396383	3196.77555223201	3256.8890118064	3087.96219216475
ENSMUSG00000028854	1400.60844576396	1328.74417692377	1314.97373756912	1748.19028034215	1636.50376546662	1657.61172549063
ENSMUSG00000028868	4642.83634259694	4498.37225950077	4774.82043601681	5138.7697324311	5156.02982422219	5050.58244922492
ENSMUSG00000028893	368.748961062288	445.420608105988	510.382749786249	686.224012758742	690.251877902492	514.328112058428
ENSMUSG00000029050	2332.57628107125	2195.15303910462	2348.39335490491	2916.94645192837	2730.66676972415	2601.54335750484
ENSMUSG00000029063	6489.76917927203	6589.21794101095	6667.66555144309	7359.60421752639	7364.26694459981	7171.68753151239
ENSMUSG00000029084	431.446911214089	492.4059043197	404.931768425454	696.111966833075	676.029655143513	684.774056170815
ENSMUSG00000029095	26.5669280304242	19.733824409759	33.7443140354545	65.2604968906008	47.4074091965998	64.7893939608485
ENSMUSG00000029179	446.324390911127	442.601490333166	369.078434762784	600.198812312041	572.681503094925	556.192028156207
ENSMUSG00000029186	2154.0465247068	2437.59716756737	2289.34080534287	2542.19299251113	2557.15565206459	2863.69121306951
ENSMUSG00000029270	631.230210002879	643.698558127852	612.670201706221	766.316440760843	730.074101627636	829.304242698861
ENSMUSG00000029298	6.37606272730181	13.1558829398393	10.5450981360795	80.092428002101	108.088892968247	62.7958741466686
ENSMUSG00000029380	677.988003336426	705.719149129952	744.483928407215	1058.99988136111	1094.16300425752	1177.17345027326
ENSMUSG00000029467	10320.7202012592	10472.0828201121	10685.3479412894	11942.6709309799	12264.2967591604	12175.4222651041
ENSMUSG00000029513	2291.13187334378	2434.77804979455	2232.39727540804	2961.44224526287	2727.82232517235	2740.09298459035
ENSMUSG00000029544	81.8261383337066	68.5985324720193	84.3607850886363	142.386538670402	127.051856646887	116.620909129527
ENSMUSG00000029550	739.62327636701	803.448565254472	823.572164427811	971.985885506979	949.096332115927	916.022354615689
ENSMUSG00000029561	29.7549593940751	30.0705895767756	21.0901962721591	54.383747408834	86.2814847378116	79.7407925671982
ENSMUSG00000029641	51.0085018184145	57.3220613807284	56.9435299348295	114.700267262268	134.637042118343	133.565827550057
ENSMUSG00000029752	4851.12105835546	5768.85466911954	4963.57769265264	7200.40815692962	7440.11879931437	6677.29461759576
ENSMUSG00000029772	2233.74730879807	2462.96922752277	2404.28237502613	2706.33303014507	2706.96306512585	2725.141585984
ENSMUSG00000029833	1218.89065803586	1217.85887785941	1111.45334354278	1398.15670611075	1472.47412964639	1451.28242472301
ENSMUSG00000029860	1897.94133849351	1860.61773006299	2051.02158746747	2476.93249562053	2313.48156879407	2264.63850890843
ENSMUSG00000029992	3095.57845410503	3242.92514467039	3222.58199038591	3732.70266306088	4004.97792892875	3854.47056071694
ENSMUSG00000029999	1514.31489773418	1611.59566013032	1432.0243268796	2101.19024079586	2113.42230198442	1993.51981417996
ENSMUSG00000030029	668.423909245473	670.950029931805	672.777261081874	802.901870835877	813.511141813652	842.262121491031
ENSMUSG00000030036	1612.08119288614	1464.06183001926	1750.4862905892	1973.63563323696	1994.90377899292	1873.90862532916
ENSMUSG00000030049	91.3902324246593	118.402946458554	86.4698047158522	312.459348748937	347.970383503042	346.872447667312
ENSMUSG00000030050	127.521254546036	110.88529906436	103.341961733579	191.826309042069	246.518527822319	194.368181882546
ENSMUSG00000030062	10589.5775129271	9934.57103142723	10035.7698961069	11794.3516198649	11876.5041519322	11749.8057847767
ENSMUSG00000030067	3216.72364592376	3546.45015821097	3414.50277646255	4136.13118929368	4016.35570713593	4132.56657479505
ENSMUSG00000030082	10683.0930995942	11076.3137294204	11294.8546135548	13940.0376539953	13918.8153401217	13656.6074870398
ENSMUSG00000030084	1828.8673256144	1749.73243099863	1811.64785977846	2306.859685542	2318.22230971373	2194.86531541213
ENSMUSG00000030096	11668.1947909623	10969.1872540532	11265.3283387738	13984.5334473298	13168.8301266315	13448.284666458
ENSMUSG00000030104	3310.23923259086	3409.25309326693	3356.50473671412	3771.26568395078	3805.86681030303	3839.51916211059
ENSMUSG00000030123	66.948658636669	80.8147094875844	88.5788243430681	224.456557487369	215.229637752563	194.368181882546
ENSMUSG00000030228	64.8233043942351	88.3323568817783	89.633334156676	129.532198373768	170.666673107759	136.556107271327
ENSMUSG00000030301	268.857311667893	273.454423963803	271.009022097244	415.294071122005	431.407423689058	434.58731949123
ENSMUSG00000030352	1209.32656394491	1161.47652240296	1308.64667868747	1543.50963100345	1554.96302164847	1419.38610769613
ENSMUSG00000030465	1145.56593667189	1220.67799563223	1165.23334403679	1435.73093159322	1325.51116113693	1454.27270444428
ENSMUSG00000030513	2455.84682713241	2796.56483064013	2832.41335935096	4205.34686781402	4385.18535068548	3912.28263532816
ENSMUSG00000030560	1793.79898061424	2026.00597273525	1771.57648686136	2710.2882117748	2520.17787289124	2540.74100317235
ENSMUSG00000030835	3380.37592259118	3367.90603259886	3316.43336379701	3832.57099921165	3874.13347954613	3759.7783695434
ENSMUSG00000030866	277.358728637629	233.047069220011	296.317257623835	919.579728913011	932.977812989083	853.226480469021
ENSMUSG00000030890	2358.08053198045	2565.39717326867	2728.01688780377	3200.73073386174	3116.56308058447	2980.31212219903
ENSMUSG00000030895	97.7662951519611	113.704416837183	94.9058832247158	226.434148302236	195.318525889991	232.245058351965
ENSMUSG00000030934	1903.25472409959	1975.26185282445	1959.27923368358	2242.58798405883	2373.21490438178	2335.40846231182
ENSMUSG00000030966	74.3873984851878	95.8500042759722	114.941569683267	154.252083559602	154.548153980915	170.445944112386
ENSMUSG00000031010	2936.17688592248	3021.15454654167	2772.30629997531	3195.78675682457	3634.25198901134	3668.07645809112
ENSMUSG00000031207	9368.5615006488	9101.05187659598	9240.66949664649	10702.7214900585	10750.104109421	10323.4423577309
ENSMUSG00000031217	748.124693336746	635.241204809384	706.521575117329	953.198772765745	896.000033815735	840.268601676851
ENSMUSG00000031232	1656.71363197725	1865.31625968436	1713.57844711292	2029.99697146066	2227.20008405626	2060.30272795498
ENSMUSG00000031242	684.364066063728	766.800034207777	703.358045676505	857.285618244711	967.111147610635	887.11631731008
ENSMUSG00000031245	2201.86699516156	2056.07656231203	1938.18903741142	2444.30224717523	2381.74823803717	2309.49270472748
ENSMUSG00000031246	1913.88149531176	2133.13244810252	1789.5031536927	2203.03616776149	2319.17045789766	2471.96456958314
ENSMUSG00000031309	3336.80616062128	3371.66485629596	3270.03493199826	3611.08082794658	3755.61495655463	3766.75568889303
ENSMUSG00000031328	17920.986972203	17927.7096233039	18932.6691935172	22039.2608362818	24965.6898311134	23023.1603339643
ENSMUSG00000031386	5170.98687184177	4627.11197112634	5018.41220296025	5680.62961570457	5655.70391715435	5371.53913930789
ENSMUSG00000031467	1969.14070561504	2056.07656231203	1968.76982200605	2328.61318450553	2396.91860898008	2554.69564187161
ENSMUSG00000031511	1638.64812091657	1552.39418690104	1555.40197507173	1960.78129294032	2048.00007729311	1991.52629436578
ENSMUSG00000031536	886.272719094952	921.851511713026	879.461184549033	1102.50687928818	1120.71115340762	1111.38729640533
ENSMUSG00000031537	2257.12620546484	2379.33540026237	2289.34080534287	3038.56828704267	3047.34826315743	3052.07883550951
ENSMUSG00000031538	821.449414700717	771.498563829148	826.735693868635	2911.01367948377	2911.76307285516	2902.56484944601
ENSMUSG00000031540	3237.9771883481	3272.99573424717	3086.55022443048	3484.51501579511	3685.45199094366	3584.34862589556
ENSMUSG00000031555	8323.94989049251	8745.84303722032	8409.71576352343	10646.3601518348	10978.6078217486	10102.1616583569
ENSMUSG00000031570	780.005006973255	746.126503873744	915.314518211703	1065.92144921315	1013.5704086233	1056.56550151538
ENSMUSG00000031605	1861.81031637213	1807.99419830363	1794.77570276074	2385.96331813666	2517.33342833945	2527.78312438018
ENSMUSG00000031618	1072.24121530792	1154.89858093304	1033.41961733579	1275.54607558902	1321.7185684012	1338.64855522184
ENSMUSG00000031621	114.769129091433	92.0911805788752	98.0694126655396	274.88512326647	289.185196099259	299.027972126993
ENSMUSG00000031652	2592.9321757694	2625.53835242222	2519.2239447094	3177.98843949077	3030.28159584666	3191.62522250211
ENSMUSG00000031681	253.979831970855	251.841187705495	260.463923961164	470.666613938272	492.088907460705	417.642401070701
ENSMUSG00000031683	1864.99834773578	1777.92360872686	1823.24746772815	2208.96894020609	2092.56304193791	2064.28976758334
ENSMUSG00000031722	7.43873984851878	1.87941184854847	15.8176472041193	50.4285657791006	22.7555564143679	43.857435911959
ENSMUSG00000031727	75.4500756064048	81.7544154118586	80.1427458342044	142.386538670402	167.822228555963	134.562587457147
ENSMUSG00000031778	2433.53060758686	2372.75745879245	2482.31610123312	2804.22377548097	2962.96307478748	2741.08974449744
ENSMUSG00000031827	635.480918487747	584.497084898575	602.125103570141	4127.23203062678	3785.95569844046	3456.76335778804
ENSMUSG00000031835	4809.676650628	4941.91345575821	4893.98004495451	5456.1730582172	5707.85206727061	5304.75622553286
ENSMUSG00000031871	35.06834500016	40.4073547437922	42.1803925443181	295.64982682257	287.288899731395	299.027972126993
ENSMUSG00000031934	22.3162195455563	14.0955888641136	16.8721570177273	49.4397703716673	69.2148174270356	59.8055944253987
ENSMUSG00000031938	1495.18670955227	1655.76183857121	1593.36432836162	2313.78125339403	2215.82230584907	2288.56074667859
ENSMUSG00000032086	1722.59961349271	1683.01331037516	1747.32276114838	1951.88213427342	1978.78525986607	2089.20876526059
ENSMUSG00000032115	4013.73148683649	3739.08987268719	4070.4078805267	5000.33837539043	5136.11871235962	5237.97331175783
ENSMUSG00000032116	6699.11657215177	7206.60473325912	6521.08868735158	7792.6966059822	7625.00769518111	8053.82004928702
ENSMUSG00000032232	5825.59597851142	5857.18702600132	5383.2725984686	6874.10567247662	7200.23730877957	6840.76324235852
ENSMUSG00000032289	1842.68212819022	1920.75890921654	2087.92943094375	2376.07536406233	2413.03712810693	2174.93011727033
ENSMUSG00000032336	2648.19138607269	2809.72071357997	2612.0208083069	2909.0360886689	3104.23715419335	3165.70946491777
ENSMUSG00000032348	6653.42145593944	6675.67088604418	6862.74986696056	7726.44731368416	7901.86696488925	7584.34613304764
ENSMUSG00000032350	6712.93137472759	7122.03120007444	6904.93025950488	7962.76941606073	7928.41511403934	8082.72608659263
ENSMUSG00000032359	2472.84966107189	2542.84423108608	2755.43414295758	3603.17046468711	3552.71124519319	3473.70827620857
ENSMUSG00000032369	6756.50113669749	7009.26648916153	7242.37339985942	8423.54807592467	8359.8225377284	8303.01002605951
ENSMUSG00000032383	4293.21556971655	4480.51784693956	4496.42984522431	5361.2486991036	5221.4520489135	5229.00247259402
ENSMUSG00000032402	2404.838325314	2622.71923464939	2643.65610271514	2991.10610748587	2944.00011110884	2950.40932498633
ENSMUSG00000032501	618.478084548276	623.025027793819	641.141966673636	873.106344763644	869.45188466564	864.19083944701
ENSMUSG00000032525	2336.82698955611	2378.39569433809	2315.70355068307	2656.8932597734	2751.52602977065	2777.96986105977
ENSMUSG00000032553	1400.60844576396	1304.31182289264	1289.66550204253	1507.91299633585	1589.09635627002	1560.9260145029
ENSMUSG00000032554	1.06267712121697	0	0	15.8207265189335	6.63703728752397	16.9449184205296
ENSMUSG00000032575	2876.66696713433	2618.02070502802	2724.85335836295	3441.00801786804	3320.41494012985	3417.88972141153
ENSMUSG00000032596	53.1338560608484	57.3220613807284	75.9247065797726	127.554607558902	134.637042118343	134.562587457147
ENSMUSG00000032643	526.025175002399	478.310315455587	576.81686804355	741.596555575009	664.651876936329	642.910140073036
ENSMUSG00000032667	1275.21254546036	1397.34270939579	1233.77648192131	1643.37796715422	1657.36302551313	1656.61496558354
ENSMUSG00000032690	19.1281881819054	21.6132362583074	24.2537257129829	72.1820647426342	79.6444474502876	66.7829137750285
ENSMUSG00000032714	1907.50543258446	1753.49125469573	1852.77374250917	2481.8764726577	2245.21489955096	2174.93011727033
ENSMUSG00000032715	390.002503486627	536.572082760589	520.927847922329	861.240799874444	845.74818006734	620.981422117056
ENSMUSG00000032741	1067.99050682305	911.51474654601	988.075695350652	1908.37513634636	1777.77784487249	1795.16459266905
ENSMUSG00000032827	7.43873984851878	7.51764739419389	3.16352944082386	106.789904002801	106.192596600383	110.640349686988
ENSMUSG00000032849	2961.68113683169	2906.51042378021	2988.48081176494	3633.82312231754	3629.51124809168	3546.47174942614
ENSMUSG00000032860	133.897317273338	148.473536035329	164.503530922841	378.708641046971	384.94816267639	374.781725065832
ENSMUSG00000032932	1211.45191818734	1273.30152739159	1168.39687347761	1386.29116122155	1399.46671948362	1517.06857859095
ENSMUSG00000032997	518.586435153881	408.772077059293	579.980397484374	710.943897944575	637.155579602301	656.864778772295
ENSMUSG00000033004	1657.77630909847	1732.81772436169	1570.16511246224	2678.64675873693	3009.42233580015	2835.78193567099
ENSMUSG00000033124	930.905158186064	872.986803650766	1069.27295099846	1287.41162047822	1253.4518991581	1059.55578123665
ENSMUSG00000033161	10340.9110665623	10609.2798850561	10826.6522563129	11891.2535697934	12194.1337935494	11665.081192674
ENSMUSG00000033685	2890.48176971015	2837.9118913082	2968.44512530639	3407.38897401531	3421.86679581057	3252.4275768346
ENSMUSG00000033732	5921.23691942095	5996.2635027939	5966.4165253938	6799.94601691912	7036.20767295934	6954.39387176677
ENSMUSG00000033793	316.677782122657	348.630897905742	297.371767437443	412.327684899705	443.733350080174	429.60351995578
ENSMUSG00000033855	1069.05318394427	1025.21916338319	1103.01726503392	1711.60485026712	1772.0889557689	1659.60524530481
ENSMUSG00000033880	18283.3598705379	17298.1066540402	19280.6574320078	25464.4481276309	24834.8453817307	23008.208935358
ENSMUSG00000033960	1366.60277788502	1602.19860088757	1440.46040538846	1927.16224908759	1994.90377899292	1844.00582811646
ENSMUSG00000034022	2006.33440485764	1866.25596560863	1927.64393927534	2246.54316568856	2275.55564143679	2224.76811262483
ENSMUSG00000034088	13952.9506015788	14092.7697463407	14023.9260111722	15169.110345435	15876.7413399413	15761.7644108138
ENSMUSG00000034101	5609.87252290438	5658.90907597945	5568.8663256636	6340.15615246261	6300.44468222811	6357.33468741988
ENSMUSG00000034111	40.3817306062448	45.1058843651634	62.2160790028692	150.296901929869	191.525933154263	130.575547828787
ENSMUSG00000034127	14366.3320017322	15305.9300945788	15375.8075922176	17111.104525634	16375.4672846895	17406.4182575123
ENSMUSG00000034135	2826.72114243714	2604.86482208818	2705.87218171801	4106.46732707068	4016.35570713593	3684.02461660456
ENSMUSG00000034248	2291.13187334378	2363.36039954971	2391.62825726284	3979.90151491922	3839.05199674065	3724.89177279525
ENSMUSG00000034271	156.213536818894	175.725007839282	132.868236514602	301.58259926717	280.651862443871	257.164056029214
ENSMUSG00000034320	13085.8060706658	14155.7300432671	13181.3726700994	17180.3202041544	17416.5339906468	17219.0273949794
ENSMUSG00000034377	1583.38891061328	1770.40596133266	1672.45256438221	1900.46477308689	2054.63711458063	2008.4712127863
ENSMUSG00000034422	161.526922424979	172.90589006646	205.629413653551	326.302484453004	391.585199963914	380.762284508371
ENSMUSG00000034471	734.309890760925	718.875032069791	806.700007410084	925.512501357611	964.266703058839	946.921911735479
ENSMUSG00000034525	1383.60561182449	1472.51918333773	1432.0243268796	1604.81494626432	1797.68895673506	1647.64412641973
ENSMUSG00000034543	1999.95834213033	1864.37655376009	1875.97295840855	2054.71685664649	2269.8667523332	2322.45058351965
ENSMUSG00000034574	1308.15553621809	1282.69858663433	1284.39295297449	1600.85976463459	1554.96302164847	1529.02969747603
ENSMUSG00000034586	1787.42291788694	1728.11919474032	1847.50119344113	2425.515134434	2503.11120558047	2234.73571169573
ENSMUSG00000034610	346.432741516732	432.264725166149	330.061571659289	471.655409345706	478.814832885658	531.273030478958
ENSMUSG00000034659	1960.63928864531	1792.01919759097	2066.83923467159	2458.1453828793	2364.6815707264	2146.02407996472
ENSMUSG00000034807	6964.78585245601	7238.55473468445	7223.39222321448	8515.50604881597	8140.80030724011	8047.83948984448
ENSMUSG00000034832	1385.73096606693	1268.60299777022	1297.04707073778	1586.02783352309	1587.20005990216	1475.20466249317
ENSMUSG00000034855	17.0028339394715	22.5529421825817	23.199215899375	68.2268831129008	56.8888910359197	49.8379953544989
ENSMUSG00000034981	4428.17556411111	4531.26196685037	4450.03141342556	5055.7109182067	4953.12611286074	4809.36655170914
ENSMUSG00000035093	1667.34040318942	1774.16478502976	1652.41687792366	2014.17624494172	2119.11119108801	2069.27356711879
ENSMUSG00000035112	1079.67995515644	1155.83828685731	1333.95491421406	1964.73647457006	1884.91858965681	1865.93454607244
ENSMUSG00000035172	623.791470154361	602.351497459786	817.245105546164	987.806612025912	957.629665771315	911.038555080239
ENSMUSG00000035203	3453.70064395515	3130.16043375748	3445.08356105718	4173.70541477615	4129.18534102384	3665.08617836985
ENSMUSG00000035227	3403.75481925795	3243.86485059467	3267.92591237105	3944.30488025162	3938.60755605351	4143.53093377304
ENSMUSG00000035245	1369.79080924867	1409.55888641136	1358.20863992704	1692.81773752589	1658.31117369706	1684.52424298206
ENSMUSG00000035247	4178.44644062512	4083.02224097156	3807.83493693832	4335.86786159522	4626.96313758814	4898.07818344015
ENSMUSG00000035311	1805.48842894763	1863.43684783581	1726.23256487622	2029.99697146066	2134.28156203092	2057.31244823371
ENSMUSG00000035314	624.854147275577	648.397087749223	693.867457354033	1220.17353277275	1280.00004830819	1201.09568804342
ENSMUSG00000035376	683.301388942511	685.045618795919	609.506672265397	928.478887579911	926.340775701559	884.12603758881
ENSMUSG00000035382	592.973833639068	586.376496747124	640.087456860028	785.103553502076	773.688918088508	773.485687901823
ENSMUSG00000035392	197.657944546356	223.650009977268	159.230981854801	264.997169192137	315.733345249354	271.118694728474
ENSMUSG00000035441	2025.46259303954	2060.7750919334	1966.66080237883	2462.10056450903	2243.3186031831	2331.42142268346
ENSMUSG00000035469	1002.1045253076	1004.54563304916	987.021185537044	1247.85980418088	1312.23708656188	1205.08272767178
ENSMUSG00000035697	1355.97600667285	1197.18534752538	1342.39099272292	1754.12305278675	1624.17783907551	1567.90333385253
ENSMUSG00000035735	1546.19521137069	1458.42359447362	1642.92628960119	2036.91853931269	1878.28155236928	1672.56312409698
ENSMUSG00000035828	1667.34040318942	1510.1074203087	1865.42786027247	2252.47593813316	2053.6889663967	1807.12571155413
ENSMUSG00000035930	38.2563763638109	27.2514718039529	47.4529416123579	207.647035561003	258.844454213435	214.303380024345
ENSMUSG00000035954	1643.96150652265	1657.64125041975	1613.40001482017	2320.70282124606	2459.4963891196	2378.26913831669
ENSMUSG00000036019	248.666446364771	279.092659509448	335.334120727329	548.781451125507	586.903725853905	520.308671500968
ENSMUSG00000036036	3066.88617183217	3015.51631099603	3264.76238293022	6302.58192698014	5885.15577766589	6259.65221652506
ENSMUSG00000036098	7650.21259564096	7194.38855624356	7877.18830765141	8824.99901134261	9114.54849213827	8166.45391878819
ENSMUSG00000036155	1585.51426485572	1636.96772008572	1669.28903494139	1989.45635975589	2057.48155913243	1900.82114282059
ENSMUSG00000036197	2269.87833091944	2197.03245095317	2097.42001926622	2544.170583326	2420.62231357838	2668.32627127987
ENSMUSG00000036275	4279.40076714073	4317.94872204012	4461.63102137525	4941.99944635186	4823.22981166206	4867.17862632036
ENSMUSG00000036315	391.065180607844	438.842666636069	445.003141342556	582.400494978241	532.859279369781	594.068904625627
ENSMUSG00000036372	1180.63428167205	1276.12064516441	1382.46236564003	1584.05024270822	1557.80746620027	1529.02969747603
ENSMUSG00000036398	1737.47709318974	1677.37507482951	1552.23844563091	2387.94090895153	2234.78526952771	2061.29948786207
ENSMUSG00000036478	909.651615761725	970.716219775287	1013.38393087724	1180.62171647541	1158.6370807649	1199.10216822924
ENSMUSG00000036492	377.250378032024	358.967663072758	372.241964203607	789.05873513181	814.459289997584	759.531049202563
ENSMUSG00000036606	6032.81801714873	5677.70319446494	6123.53848762138	7139.10284166875	7282.72620078165	6848.73732161524
ENSMUSG00000036834	1912.81881819054	1857.79861229017	1762.08589853889	2122.94373975939	2240.4741586313	2226.76163243901
ENSMUSG00000037003	1173.19554182353	1127.64710912908	1240.10354080295	3397.50101994098	3419.97049944271	3143.78074696179
ENSMUSG00000037108	59.5099187881502	68.5985324720193	61.1615691892613	126.565812151468	124.207412095091	112.633869501167
ENSMUSG00000037211	953.221377731621	814.725036345763	1064.00040193042	1290.37800670052	1196.56300812218	1180.16372999453
ENSMUSG00000037225	328.367230456043	408.772077059293	289.990198742187	441.991547122705	470.28149923027	500.373473359169
ENSMUSG00000037295	1175.32089606597	1044.95298779295	1252.75765856625	1703.69448700765	1703.8222865258	1616.74456929994
ENSMUSG00000037370	1635.46008955291	1786.38096204532	1676.67060363665	2482.86526806513	2385.5408307729	2454.02289125552
ENSMUSG00000037410	722.620442427539	779.016211223342	726.55726157588	976.929862544145	937.718553908743	920.009394244049
ENSMUSG00000037447	301.800302425619	306.344131313401	310.025885200738	585.366881200541	649.481505993417	529.279510664778
ENSMUSG00000037470	2428.21722198077	2345.50598698849	2301.99492310616	3475.61585712821	3499.61494689299	3548.46526924032
ENSMUSG00000037553	891.586104701037	851.373567392459	982.803146282612	1199.40882921665	1219.31856453655	1103.41321714861
ENSMUSG00000037656	2901.10854092232	2843.55012685384	2897.79296779466	3357.94920364364	3406.69642486766	3374.03228549957
ENSMUSG00000037692	315.61510500144	258.419129175415	331.116081472897	453.857092011906	489.244462908909	498.379953544989
ENSMUSG00000037706	2430.34257622321	2450.75305050721	2631.00198495184	3080.09769415487	3009.42233580015	2813.85321771501
ENSMUSG00000037820	331.555261819694	350.51030975429	347.988238490625	719.843056611476	815.407438181516	606.030023510706
ENSMUSG00000037926	1587.63961909815	1627.57066084298	1701.97883916324	1966.71406538492	2156.08897026136	2003.48741325085
ENSMUSG00000037966	519.649112275098	463.275020667199	565.217260093863	722.809442833776	723.437064340112	594.068904625627
ENSMUSG00000038007	12.7521254546036	4.69852962137118	4.21803925443181	37.5742254824671	25.6000009661639	32.8930769339693
ENSMUSG00000038058	13.8148025758206	13.1558829398393	17.9266668313352	36.5854300750338	51.2000019323277	58.8088345183087
ENSMUSG00000038141	10.6267712121697	6.57794146991966	4.21803925443181	59.3277244460007	46.4592610126678	35.8833566552392
ENSMUSG00000038178	87.1395239397914	62.9602969263739	63.2705888164772	173.039196300835	185.837044050671	142.536666713867
ENSMUSG00000038213	335.805970304562	330.776485344531	307.916865573522	441.991547122705	474.074091965998	447.5451982834
ENSMUSG00000038235	3196.53278062064	3252.32220391313	3306.94277547454	4825.32158827473	4644.02980489891	4371.78895249664
ENSMUSG00000038301	1631.20938106805	1689.59125184508	1534.31177879957	1894.53200064229	1927.58525793375	1978.56841557361
ENSMUSG00000038331	159.401568182545	133.438241246942	108.614510801619	205.669444746136	189.629636786399	213.306620117255
ENSMUSG00000038371	2114.72747122177	2137.83097772389	2100.58354870704	2521.42828895503	2586.54824576648	2545.7248027078
ENSMUSG00000038372	1124.31239424755	1000.78680935206	1097.74471596588	1406.06706937022	1431.70375773731	1417.39258788195
ENSMUSG00000038393	1096.68278909591	1200.0044652982	1213.74079546275	2268.29666465209	2264.1778632296	2101.16988414567
ENSMUSG00000038508	3.18803136365091	0	2.10901962721591	18.7871127412336	11.3777782071839	13.9546386992597
ENSMUSG00000038518	609.97666757854	567.582378261639	643.250986300851	945.288409506278	1046.75559506092	1014.7015854176
ENSMUSG00000038521	38.2563763638109	51.683825835083	39.0168631034943	238.299693191436	225.659267775815	265.138135285934
ENSMUSG00000038527	26.5669280304242	21.6132362583074	17.9266668313352	96.9019499284679	83.4370401860156	90.705151545188
ENSMUSG00000038539	265.669280304242	238.685304765656	281.554120233323	403.428526232805	390.637051779982	372.788205251652
ENSMUSG00000038594	0	0	0	5.93277244460007	15.1703709429119	5.98055944253987
ENSMUSG00000038615	4706.59696986995	4853.58109887643	4889.76200570008	5478.91535258817	5791.28910745663	5271.86314859889
ENSMUSG00000038781	197.657944546356	182.302949309202	247.809806197869	346.078392601671	372.622236285274	342.885408038952
ENSMUSG00000038866	1798.04968909911	1717.7824295733	1756.81334947085	2197.10339531689	2261.33341867781	2335.40846231182
ENSMUSG00000038976	2843.72397637661	2788.10747732166	2875.64826170889	3484.51501579511	3271.11123456538	3225.51505934317
ENSMUSG00000038991	4838.36893290086	4625.23255927779	4940.37847675326	6038.57355319544	6110.81504544171	5777.22042149351
ENSMUSG00000039114	5785.21424790518	6021.63556274931	6105.61182079005	6647.67152417438	6485.33357809485	6713.177974251
ENSMUSG00000039153	2590.80682152697	2427.26040240035	2551.91374893125	2850.69715963034	3044.50381860564	2769.99578180305
ENSMUSG00000039158	0	0	0	15.8207265189335	17.0666673107759	17.9416783276196
ENSMUSG00000039218	13332.3471627881	12328.941726478	13140.2467873687	14189.2140966685	15126.756126451	14549.7043637924
ENSMUSG00000039234	1117.93633152025	1092.87798993094	1111.45334354278	1448.58527188985	1533.15561341804	1487.16578137825
ENSMUSG00000039286	1638.64812091657	1725.3000769675	1768.41295742054	2608.44228480917	2803.67417988691	2536.75396354399
ENSMUSG00000039367	3389.94001668213	3494.76633237589	3557.91611111323	3830.59340839678	4252.444604935	3786.69088703482
ENSMUSG00000039452	3215.66096880255	3304.94573567249	3407.1212077673	3958.14801595568	3831.46681126919	3891.35067727927
ENSMUSG00000039997	117.957160455084	134.377947171216	122.323138378523	211.602217190736	201.955563177515	212.309860210165
ENSMUSG00000040010	5601.37110593464	5831.81496604591	5933.72672117195	7024.40257440649	6795.37803424061	6404.18240305311
ENSMUSG00000040035	83.9514925761405	74.2367680176647	66.4341182573011	660.515332165475	712.059286132928	686.767575984995
ENSMUSG00000040118	314.552427880223	302.585307616304	258.354904333949	413.316480307138	453.214831919494	471.467436053559
ENSMUSG00000040212	1301.77947349079	1301.49270511982	1375.08079694477	1700.72810078535	1670.63710008818	1621.72836883539
ENSMUSG00000040225	6825.57514957659	6351.47234216957	5999.10632961565	7032.31293766595	7939.79289224653	7491.64746168827
ENSMUSG00000040249	179.592433485668	170.086772293637	220.392551044062	259.064396747537	321.422234352946	251.183496586674
ENSMUSG00000040296	456.951162123296	518.717670199379	478.747455378011	639.750628609375	752.829658042004	690.754615613354
ENSMUSG00000040364	96.7036180307441	96.7897102002464	106.505491174403	156.229674374469	158.340746716643	150.510745970587
ENSMUSG00000040430	763.002173033783	745.18679794947	687.540398472386	933.422864617078	962.370406690975	974.831189133998
ENSMUSG00000040481	4233.7056509284	4225.85754146124	4054.59023332258	4696.77818530839	4905.71870366414	4642.90764722512
ENSMUSG00000040483	27.6296051516412	21.6132362583074	44.289412171534	72.1820647426342	91.0222256574715	86.7181119168281
ENSMUSG00000040562	371.936992425939	371.183840088324	372.241964203607	959.131545210345	1007.88151951971	889.10983712426
ENSMUSG00000040613	367.686283941071	487.707374698329	441.839611901732	611.075561793808	610.607430452205	617.991142395786
ENSMUSG00000040675	1701.34607106837	1638.84713193427	1679.83413307747	1926.17345368016	2024.29637269481	1932.71745984747
ENSMUSG00000040687	657.797138033304	529.99414129067	571.544318975511	1108.43965173278	1080.88892968247	984.798788204898
ENSMUSG00000040747	209.347392879743	281.911777282271	252.027845452301	696.111966833075	718.696323420452	790.430606322352
ENSMUSG00000040940	1756.60528137165	1591.86183572056	1908.6627626304	2139.75326168576	2066.01489278782	2016.44529204302
ENSMUSG00000041084	2541.92367395099	2768.3736529119	2787.06943736582	3282.80075267871	3290.07419824402	3316.22021088836
ENSMUSG00000041096	252.917154849639	304.464719464853	278.3905907925	408.372503269972	387.792607228186	437.5775992125
ENSMUSG00000041119	121.145191818734	65.7794146991966	66.4341182573011	479.565772605173	379.259273572798	378.768764694191
ENSMUSG00000041187	269.91998878911	278.152953585174	320.570983336818	411.338889492272	410.548163642554	364.814125994932
ENSMUSG00000041261	2972.30790804386	3163.05014110708	3103.42238144821	6014.84246341704	6047.28911711826	6094.19007194812
ENSMUSG00000041293	1.06267712121697	0	2.10901962721591	13.8431357040668	36.9777791733478	25.9157575843394
ENSMUSG00000041313	3935.09337986643	4203.30459927866	4094.66160623968	4915.30197035116	5270.75575447796	4773.4831950539
ENSMUSG00000041355	4175.25840926147	4238.07371847681	4769.54788694877	6254.13095201591	5800.77058929595	5746.32086437372
ENSMUSG00000041720	1703.4714253108	1729.99860658887	1590.20079892079	1859.92416138212	2110.57785743262	2014.45177222884
ENSMUSG00000041734	1952.13787167557	1904.78390850388	1945.57060610667	2814.1117295553	2952.53344476423	2689.25822932876
ENSMUSG00000041757	3189.09404077212	3054.98395981554	3243.67218665806	3706.00518706018	3873.1853313622	3347.11976800814
ENSMUSG00000041779	218.911486970696	207.675009264606	231.99215899375	333.224052305037	283.496306995667	322.950209897153
ENSMUSG00000041849	812.947997730981	811.905918572941	720.230202694232	963.086726840079	973.748184898159	976.824708948178
ENSMUSG00000041891	2892.60712395259	2956.31483776675	2759.65218221201	3254.12568586314	3200.94826895442	3227.50857915735
ENSMUSG00000041920	731.121859397274	739.548562403824	645.360005928067	1023.40324669351	1053.39263234845	1032.64326374522
ENSMUSG00000041936	3502.58379153113	3261.71926315588	3764.60003458039	4929.14510605523	4955.02240922861	4752.55123700501
ENSMUSG00000042155	2.12535424243394	3.75882369709695	1.05450981360795	18.7871127412336	20.8592600465039	21.9287179559795
ENSMUSG00000042331	211.472747122177	202.976479643235	213.010982348807	354.977551268571	388.740755412118	366.807645809112
ENSMUSG00000042349	2005.27172773642	2087.08685781308	1881.24550747659	3638.76709935471	3764.14829021002	3451.77955825259
ENSMUSG00000042367	363.435575456203	373.063251936872	421.803925443181	503.296862383573	524.325945714393	534.263310200228
ENSMUSG00000042406	8556.67618003903	9501.36660033681	8917.98949368246	10262.7075337507	10221.0374227869	9540.98583066527
ENSMUSG00000042460	2755.5217753156	2806.90159580715	2698.49061302275	3761.37772987645	3848.53347857997	4196.35920884881
ENSMUSG00000042594	624.854147275577	684.105912871644	744.483928407215	1048.12313187935	1031.58522411801	1103.41321714861
ENSMUSG00000042599	489.894152881022	592.954438217043	533.581965685624	934.411660024512	922.548182965831	948.915431549659
ENSMUSG00000042608	384.689117880543	430.3853133176	485.074514259658	824.65536979941	676.029655143513	616.994382488696
ENSMUSG00000042626	5248.56230169061	5389.21347571275	5855.69299496496	9346.09419105998	8872.77070523561	8617.98615669995
ENSMUSG00000042644	3099.8291625899	2876.43983420344	3057.02394964946	3701.06121002301	3831.46681126919	3634.18662125006
ENSMUSG00000042745	442.073682426259	421.927959999132	429.185494138437	994.728179877946	1011.67411225544	1044.6043826303
ENSMUSG00000043501	5106.16356744753	4825.38992114821	5114.37259599857	6111.74441334551	5692.6816963277	5524.04340509266
ENSMUSG00000043529	0	3.75882369709695	3.16352944082386	18.7871127412336	18.0148154947079	21.9287179559795
ENSMUSG00000043535	2088.16054319134	2035.403031978	1909.717272444	2485.83165428743	2679.46676779182	2682.28090997913
ENSMUSG00000043998	2148.73313910071	2183.87656801333	2101.63805852065	2551.09215117803	2468.02972277498	2603.53687731902
ENSMUSG00000044162	526.025175002399	482.069139152683	422.858435256789	902.770206986644	983.229666737479	906.05475554479
ENSMUSG00000044337	22.3162195455563	37.5882369709695	36.9078434762784	116.677858077135	105.244448416451	85.7213520097381
ENSMUSG00000044456	647.170366821134	553.486789397526	663.286672759403	865.195981504177	787.911140847488	777.472727530183
ENSMUSG00000044465	1099.87082045956	1117.31034396207	1111.45334354278	1349.70573114652	1395.6741267479	1367.55459252745
ENSMUSG00000044499	129.64660878847	144.714712338232	171.885099618096	240.277284006303	236.088897799067	186.394102625826
ENSMUSG00000044783	7300.59182276057	7144.58414225702	7123.21379092172	8303.90383162524	8394.90402053388	8583.0995599518
ENSMUSG00000044786	412.318723032184	375.882369709695	377.514513271647	535.927110828873	469.333351046338	520.308671500968
ENSMUSG00000045658	0	0.939705924274237	0	13.8431357040668	11.3777782071839	18.9384382347096
ENSMUSG00000045671	2622.68713516348	2742.06188703222	2772.30629997531	3117.67191963734	3035.02233676632	2993.2700009912
ENSMUSG00000045838	319.865813486308	280.032365433723	342.715689422585	439.025160900405	461.748165574882	440.56787893377
ENSMUSG00000045954	2597.18288425427	2650.91041237762	2652.092181224	4023.40851284628	4100.74089550588	4119.60869600288
ENSMUSG00000046079	960.66011758014	941.585336122785	983.85765609622	1183.58810269771	1221.21486090441	1120.35813556913
ENSMUSG00000046157	43.5697619698957	38.5279428952437	59.0525495620454	98.8795407433346	124.207412095091	96.6857109877278
ENSMUSG00000046245	647.170366821134	634.30149888511	583.143926925198	1540.54324478115	1570.13339259138	1423.37314732449
ENSMUSG00000046269	259.29321757694	278.152953585174	257.300394520341	537.90470164374	483.555573805318	562.172587598747
ENSMUSG00000046417	471.828641820334	483.008845076958	535.69098531284	637.773037794508	679.822247879241	617.991142395786
ENSMUSG00000046804	10.6267712121697	10.3367651670166	0	47.4621795568006	42.6666682769398	26.9125174914294
ENSMUSG00000046814	376.187700910807	344.872074208645	399.659219357414	605.142789349207	572.681503094925	497.383193637899
ENSMUSG00000047036	1673.71646591673	2001.57361870412	1612.34550500656	2076.47035561003	2173.15563757213	2265.63526881552
ENSMUSG00000047045	1437.80214500656	1464.06183001926	1636.59923071954	1931.11743071732	2032.8297063502	1983.55221510906
ENSMUSG00000047126	10624.6458579273	10788.7637165925	10367.9404873934	11289.0771666665	12564.8597334668	12620.9739435733
ENSMUSG00000047517	10168.7573729252	10215.5431027852	11040.7177484753	13419.9312696854	14268.6820199926	13208.0655288493
ENSMUSG00000047728	21.2535424243394	16.9147066369363	22.144706085767	87.0139958541344	90.0740774735395	74.7569930317483
ENSMUSG00000047735	2717.26539895179	3166.80896480418	3039.09728281812	3903.76426854685	3997.39274345729	4250.18424383166
ENSMUSG00000047945	17.0028339394715	14.0955888641136	10.5450981360795	101.845926965635	80.5925956342196	88.711631731008
ENSMUSG00000047996	405.942660304882	458.576491045828	410.204317493494	512.196021050473	608.711134084341	563.169347505837
ENSMUSG00000048154	1598.26639031032	1313.70888213538	1580.71021059832	1777.85414256516	1955.08155526777	1706.45296093804
ENSMUSG00000048277	4315.53178926211	4248.41048364382	4522.79259056451	5954.52594356361	5705.00762271881	5437.32529317583
ENSMUSG00000048279	1060.55176697453	999.847103427788	972.258048146533	1116.35001499225	1414.63709042654	1340.64207503602
ENSMUSG00000048498	0	0	1.05450981360795	2.96638622230004	12.3259263911159	16.9449184205296
ENSMUSG00000048578	7747.97889079292	8107.78271463812	7878.24281746502	8913.99059801161	8799.76329507285	8398.69897714015
ENSMUSG00000049571	14.8774796970376	6.57794146991966	29.5262747810227	95.9131545210345	127.051856646887	101.669510523178
ENSMUSG00000049744	1.06267712121697	0.939705924274237	7.38156869525567	17.7983173338002	24.6518527822319	14.9513986063497
ENSMUSG00000049791	283.734791364931	363.66619269413	253.082355265909	440.013956307839	437.09631279265	412.658601535251
ENSMUSG00000049922	1451.61694758238	1506.3485966116	1425.69726799795	2010.22106331199	2092.56304193791	1813.10627099667
ENSMUSG00000050212	158.338891061328	155.991183429523	192.975295890255	314.436939563804	267.377787868823	306.005291476623
ENSMUSG00000050271	1280.52593106645	1205.64270084385	1248.53961931182	1536.58806315142	1598.57783810934	1488.16254128534
ENSMUSG00000050390	3709.80583016844	3554.90751152944	4037.71807630485	4920.24594738833	4742.63721602784	4476.44874274109
ENSMUSG00000050578	147.712119849159	110.88529906436	104.396471547187	360.910323713171	437.09631279265	367.804405716202
ENSMUSG00000050747	13.8148025758206	16.9147066369363	9.49058832247158	23.7310897784003	47.4074091965998	50.8347552615889
ENSMUSG00000051457	240.165029395035	278.152953585174	253.082355265909	391.562981343605	344.177790767314	364.814125994932
ENSMUSG00000051650	992.540431216649	1128.58681505336	1048.18275472631	1339.81777707218	1289.48153014751	1410.41526853232
ENSMUSG00000052085	15.9401568182545	9.39705924274237	11.5996079496875	69.2156785203342	82.4888920020836	83.7278321955581
ENSMUSG00000052160	4.25070848486787	2.81911777282271	3.16352944082386	20.7647035561003	12.3259263911159	21.9287179559795
ENSMUSG00000052298	4317.65714350454	4630.87079482344	4571.30004199048	6714.90961187985	6373.45209239087	6720.15529360063
ENSMUSG00000052310	2307.07203016204	2478.94422823544	2548.75021949042	2850.69715963034	2862.45936729069	2770.99254171014
ENSMUSG00000052396	125.395900303602	82.6941213361328	121.268628564915	180.949559560302	175.407414027419	160.478345041486
ENSMUSG00000052423	570.657614093512	587.316202671398	634.814907791988	1069.87663084288	1064.77041055563	996.759907089978
ENSMUSG00000052593	2538.73564258734	2525.92952444915	2466.498454029	3086.03046659947	3142.16308155063	3165.70946491777
ENSMUSG00000052698	687.552097427379	701.020619508581	723.393732135056	1590.97181056025	1587.20005990216	1405.43146899687
ENSMUSG00000053007	80.7634612124896	77.9955917147617	80.1427458342044	190.837513634636	194.370377706059	191.377902161276
ENSMUSG00000053110	2953.17971986196	3068.13984275538	3034.87924356369	3324.33015979091	3376.35568298183	3590.3291853381
ENSMUSG00000053317	544.090686063088	482.069139152683	532.527455872016	671.392081647242	752.829658042004	631.945781095046
ENSMUSG00000053799	1004.22987955004	1053.41034111142	940.622753738294	1355.63850359112	1212.68152724902	1192.12484887961
ENSMUSG00000054115	841.640280003839	796.870623784553	810.918046664516	937.378046246812	971.851888530295	1067.52986049337
ENSMUSG00000054199	1402.7338000064	1433.99124044249	1368.75373806312	1664.14267071032	1590.04450445396	1676.55016372534
ENSMUSG00000054408	4214.5774627465	4546.29726163876	4201.16709741409	5297.96579302787	5056.47426490933	5284.82102739106
ENSMUSG00000054626	0	0	0	11.8655448892001	3.79259273572798	8.9708391638098
ENSMUSG00000055172	41.4444077274618	59.2014732292769	62.2160790028692	201.714263116402	184.888895866739	175.429743647836
ENSMUSG00000055447	3604.60079516796	4108.39430092696	3942.81219308014	4741.27397864289	4694.28165864731	4903.0619829756
ENSMUSG00000055805	2813.96901698253	2707.29276783408	2822.92277102849	3500.33574231404	3645.62976721852	3353.10032745068
ENSMUSG00000055994	5.31338560608484	15.975000712662	4.21803925443181	29.6638622230004	53.0962983001917	44.854195819049
ENSMUSG00000056032	1.06267712121697	5.63823554564542	1.05450981360795	16.8095219263669	18.9629636786399	18.9384382347096
ENSMUSG00000056124	5995.62431790614	6246.22527865085	6247.97064562712	7062.96559529639	6966.04470734837	7008.21890674963
ENSMUSG00000056260	657.797138033304	675.648559553176	621.106280215084	806.85705246561	746.19262075448	852.229720561931
ENSMUSG00000056427	0	0.939705924274237	0	12.8543402966335	11.3777782071839	16.9449184205296
ENSMUSG00000056429	9488.64401534631	10337.7048729409	10073.7322493968	14096.2673283698	14208.9486844049	14140.0360419784
ENSMUSG00000056492	2.12535424243394	0	0	30.6526576304337	55.9407428519877	41.8639160977791
ENSMUSG00000056515	1123.24971712634	1220.67799563223	1349.77256141818	1840.14825323346	1680.1185819275	1791.17755304069
ENSMUSG00000056665	321.991167728741	258.419129175415	320.570983336818	434.081183863239	443.733350080174	417.642401070701
ENSMUSG00000056820	534.526591972135	576.039731580107	528.309416617585	664.470513795208	698.78521155788	656.864778772295
ENSMUSG00000056952	1979.76747682721	1950.82949879332	1962.4427631244	2386.9521135441	2392.17786806042	2405.18165580812
ENSMUSG00000057554	795.945163791509	856.07209701383	803.53647796926	1001.64974772998	1065.71855873956	960.876550434738
ENSMUSG00000057706	334.743293183345	324.198543874612	334.279610913721	1004.61613395228	948.148183931995	881.13575786754
ENSMUSG00000057719	1236.95616909655	1287.3971162557	1168.39687347761	1642.38917174679	1624.17783907551	1724.39463926566
ENSMUSG00000058070	1368.72813212746	1325.92505915095	1504.78550401855	1952.87092968086	2058.42970731636	2032.39345055646
ENSMUSG00000058135	1847.99551379631	1948.95008694477	1855.93727195	2660.84844140313	2711.70380604551	2487.91272809658
ENSMUSG00000058173	60.5725959093672	106.186769442989	71.7066673253408	173.039196300835	176.355562211351	145.526946435137
ENSMUSG00000058569	1344.28655833947	1259.20593852748	1366.64471843591	1746.21268952729	1760.71117756171	1703.46268121677
ENSMUSG00000058665	554.717457275258	572.28090788301	498.783141836562	914.635751875845	815.407438181516	801.394965300342
ENSMUSG00000059149	578.096353942031	527.175023517847	513.546279227073	673.369672462108	705.422248845404	738.599091153673
ENSMUSG00000059248	1010.60594227734	1012.06328044335	1053.45530379435	1645.35555796909	1678.22228555963	1650.634406141
ENSMUSG00000059263	3282.60962743922	3455.29868355637	3196.21924504571	3647.66625802161	3775.5260684172	3753.79781010086
ENSMUSG00000059588	122.207868939951	130.619123474119	151.849413159545	915.624547283278	972.800036714227	896.08715647389
ENSMUSG00000059708	54.1965331820654	75.1764739419389	74.8701967661647	234.344511561703	179.200006763147	213.306620117255
ENSMUSG00000060131	12.7521254546036	14.0955888641136	7.38156869525567	39.5518162973338	46.4592610126678	56.8153147041287
ENSMUSG00000060227	258.230540455723	264.057364721061	195.084315517471	480.554568012606	473.125943782066	453.52575772594
ENSMUSG00000060260	484.580767274938	438.842666636069	470.311376869147	610.086766386374	611.555578636137	575.130466390917
ENSMUSG00000060487	734.309890760925	872.986803650766	796.154909274005	1046.14554106448	1140.62226527019	1069.52338030755
ENSMUSG00000060802	6458.95154275673	7056.25178537524	6726.71810100513	8010.23159561753	7621.21510244538	7556.43685564912
ENSMUSG00000061111	302.862979546836	330.776485344531	322.680002964034	494.397703716673	493.985203828569	408.671561906891
ENSMUSG00000061410	1575.95017076476	1549.57506912822	1604.9639363113	1860.91295678956	1853.62969958705	1881.88270458588
ENSMUSG00000061887	937.281220913366	936.886806501414	949.058832247158	1572.18469781902	1543.58524344129	1547.96813571074
ENSMUSG00000061950	3166.77782122657	3150.83396409152	2976.88120381525	3624.92396365064	3470.2223531911	3646.14774013514
ENSMUSG00000062232	2011.64779046372	1922.63832106509	2025.71335194088	2399.80645384073	2435.7926845213	2281.58342732896
ENSMUSG00000062515	13.8148025758206	22.5529421825817	15.8176472041193	37.5742254824671	52.1481501162597	66.7829137750285
ENSMUSG00000062526	315.61510500144	360.847074921307	334.279610913721	679.302444906708	666.548173304193	626.961981559596
ENSMUSG00000062593	95.6409409095272	125.920593852748	117.050589310483	432.103593048372	431.407423689058	462.49659688975
ENSMUSG00000062729	626.979501518011	639.000028506481	719.175692880624	1119.31640121455	1083.73337423427	1065.53634067919
ENSMUSG00000062995	3.18803136365091	2.81911777282271	0	14.8319311115002	18.0148154947079	12.9578787921697
ENSMUSG00000063065	3622.66630622865	3550.20898190807	3606.4235625392	4338.83424781752	4237.27423399209	4350.85699444775
ENSMUSG00000063229	35710.201981375	36369.4383871858	37682.9081892802	42707.0624424536	42876.2090255888	40887.0913888309
ENSMUSG00000063268	243.353060758686	192.639714476219	250.973335638693	342.123210971938	340.385198031586	348.865967481492
ENSMUSG00000063354	2646.06603183025	2572.91482066286	2860.88512431838	3776.20966098795	3578.31124615935	3301.26881228201
ENSMUSG00000063410	1354.91332955163	1495.07212552031	1369.80824787673	1594.92699218999	1722.78525020444	1642.66032688428
ENSMUSG00000063415	15.9401568182545	28.1911777282271	10.5450981360795	119.644244299435	113.777782071839	88.711631731008
ENSMUSG00000064065	1.06267712121697	8.45735331846813	4.21803925443181	63.2829060757341	73.0074101627636	56.8153147041287
ENSMUSG00000064120	1291.15270227862	1198.12505344965	1073.4909902529	1911.34152256866	1869.74821871389	1741.33955768619
ENSMUSG00000064127	2589.74414440575	2781.52953585174	2622.56590644298	2954.52067741084	2972.4445566268	3179.66410361703
ENSMUSG00000064210	5175.23758032664	5487.88259776154	5522.46789386485	7085.70788966735	6787.79284876915	6807.87016542455
ENSMUSG00000064215	270.982665910327	296.007366146385	330.061571659289	458.801069049072	480.711129253522	414.652121349431
ENSMUSG00000064246	8.50141696973575	15.975000712662	24.2537257129829	34.6078392601671	40.7703719090758	57.8120746112187
ENSMUSG00000064337	2189.11486970696	2060.7750919334	2507.62433675971	2462.10056450903	2648.17787772206	2915.52272823818
ENSMUSG00000064373	5356.95536805474	5798.92525869631	5512.97730554238	8092.3016144345	8521.95587718077	8156.48631971729
ENSMUSG00000066108	44.6324390911127	53.5632376836315	52.7254906803977	115.689062669701	153.600005796983	113.630629408257
ENSMUSG00000066406	532.401237729701	527.175023517847	514.600789040681	635.795446979641	679.822247879241	650.884219329755
ENSMUSG00000066621	1929.82165213001	1883.17067224557	2126.94629404724	3494.40296986944	3461.68901953571	3250.43405702042
ENSMUSG00000066682	104.142357879263	96.7897102002464	94.9058832247158	221.490171265069	220.918526856155	227.261258816515
ENSMUSG00000066684	122.207868939951	103.367651670166	129.704707073778	218.523785042769	190.577784970331	212.309860210165
ENSMUSG00000066894	275.233374395195	285.670600979368	327.952552032073	427.159616011205	465.54075831061	388.736363765091
ENSMUSG00000067219	1487.74796970376	1587.16330609919	1526.93021010432	1740.27991708269	1915.25933154263	2184.89771634123
ENSMUSG00000067220	9.56409409095272	7.51764739419389	2.10901962721591	59.3277244460007	74.9037065306276	66.7829137750285
ENSMUSG00000067231	740.685953488227	887.08239251488	757.13804617051	1169.74496699365	1152.94819166131	1154.24797241019
ENSMUSG00000068245	111.581097727782	119.342652382828	112.832550056051	220.501375857636	266.429639684891	272.115454635564
ENSMUSG00000068566	3115.76931940815	3283.33249941418	3442.97454142997	4237.97711625932	4212.62238120985	3916.26967495652
ENSMUSG00000069539	1940.44842334218	2018.48832534106	1927.64393927534	2235.66641620679	2286.93341964397	2349.36310101108
ENSMUSG00000069892	498.395569850758	514.019140578008	447.112160969772	632.829060757341	629.570394130845	659.855058493565
ENSMUSG00000070003	1109.43491455052	1023.33975153464	1168.39687347761	1361.57127603572	1328.35560568873	1292.7975994957
ENSMUSG00000070047	7058.30143912311	6656.87676755869	6716.17300286905	8328.62371681107	10176.4744581421	9616.7395836041
ENSMUSG00000070327	1042.48625591385	1158.65740463013	972.258048146533	1240.93823632885	1486.69635240537	1502.1171799846
ENSMUSG00000070639	1200.82514697517	1216.91917193514	1187.37805012256	1527.68890448452	1537.8963543377	1503.11393989169
ENSMUSG00000070643	1682.21788288646	1527.02212694563	1635.54472090594	2617.34144347607	2512.59268741979	2385.24645766632
ENSMUSG00000070733	1335.78514136973	1292.09564587708	1249.59412912542	1402.11188774048	1809.06673494225	1641.66356697719
ENSMUSG00000070738	1577.01284788598	1734.69713621024	1717.79648636736	2242.58798405883	2262.28156686174	2203.83615457594
ENSMUSG00000070808	444.199036668693	432.264725166149	442.89412171534	539.882292458607	589.748170405701	529.279510664778
ENSMUSG00000071551	1108.3722374293	1206.58240676812	1138.87059869659	1592.94940137512	1751.2296957224	1676.55016372534
ENSMUSG00000071650	5848.97487517819	5864.70467339551	5926.3451524767	6609.10850328448	6988.80026376274	7154.74261309186
ENSMUSG00000071669	51.0085018184145	38.5279428952437	48.5074514259658	93.9355637061678	110.933337520043	125.591748293337
ENSMUSG00000071723	99.891649394395	89.2720628060525	125.486667819346	167.106423856235	153.600005796983	177.423263462016
ENSMUSG00000072620	34.005667878943	40.4073547437922	46.3984317987499	99.8683361507679	103.348152048587	58.8088345183087
ENSMUSG00000073411	6294.23658896811	5866.58408524406	6595.95888411775	8772.59285474864	8433.7780960751	7780.70783474436
ENSMUSG00000073598	155.150859697677	187.941184854847	144.46784446429	553.725428162674	501.570389300025	510.341072430068
ENSMUSG00000073599	1893.69063000864	1917.93979144372	2021.49531268645	2708.31062095993	2757.21491887424	2623.47207546082
ENSMUSG00000073856	53.1338560608484	23.4926481068559	26.3627453401988	70.2044739277675	70.1629656109676	108.646829872808
ENSMUSG00000074063	511.147695305362	457.636785121553	527.254906803977	791.036325946676	813.511141813652	766.508368552193
ENSMUSG00000074210	188.093850455403	210.494127037429	196.138825331079	324.324893638137	275.911121524211	291.053892870273
ENSMUSG00000074211	287.985499849798	297.886777994933	281.554120233323	451.879501197039	437.09631279265	434.58731949123
ENSMUSG00000074227	2821.40775683105	3051.22513611845	3208.873362809	4070.87069240308	3921.54088874273	3950.15951179758
ENSMUSG00000074272	1437.80214500656	1579.64565870499	1443.62393482929	4103.50094084838	4234.42978944029	4084.72209925473
ENSMUSG00000074364	1904.31740122081	1803.29566868226	1826.41099716897	2473.96610939823	2455.70379638387	2443.05853227754
ENSMUSG00000074398	229.538258182865	276.273541736626	247.809806197869	480.554568012606	501.570389300025	433.59055958414
ENSMUSG00000075602	56.3218874244993	64.8397087749223	45.343921985142	1096.57410684358	1082.78522605034	958.883030620558
ENSMUSG00000075701	1839.49409682657	1793.89860943952	1661.90746624613	2049.77287960933	2078.34081917893	2180.91067671287
ENSMUSG00000076435	1419.73663394587	1285.51770440716	1376.13530675838	1611.73651411635	1647.88154367381	1545.97461589656
ENSMUSG00000078956	38.2563763638109	49.8044139865345	45.343921985142	142.386538670402	72.0592619788316	86.7181119168281
ENSMUSG00000079018	15.9401568182545	12.2161770155651	14.7631373905113	515.162407272773	443.733350080174	406.678042092711
ENSMUSG00000079111	2650.31674031512	2817.23836097416	2867.21218320002	3100.86239771097	3188.6223425633	3294.29149293238
ENSMUSG00000079197	546.216040305522	638.060322582207	680.15882977713	834.543323873744	909.274108390783	840.268601676851
ENSMUSG00000079362	6.37606272730181	0	7.38156869525567	22.7422943709669	61.6296319555797	30.8995571197893
ENSMUSG00000079363	12.7521254546036	17.8544125612105	4.21803925443181	51.417361186534	69.2148174270356	61.7991142395786
ENSMUSG00000079440	61.6352730305842	53.5632376836315	57.9980397484374	173.039196300835	129.896301198683	154.497785598947
ENSMUSG00000082082	1078.61727803522	1194.36622975256	1039.74667621744	1763.02221145366	1988.26674170539	2076.25088646842
ENSMUSG00000082286	2696.01185652745	2703.53394413698	2845.06747711426	3504.29092394378	3303.34827281907	3332.16836940179
ENSMUSG00000084899	1765.10669834138	1657.64125041975	1600.74589705687	1919.25188582812	1899.14081241579	1980.56193538779
ENSMUSG00000085101	214.660778485828	159.75000712662	215.120001976022	297.627417637437	351.76297623877	345.875687760222
ENSMUSG00000085133	26.5669280304242	21.6132362583074	32.6898042218466	59.3277244460007	53.0962983001917	62.7958741466686
ENSMUSG00000085282	21.2535424243394	9.39705924274237	17.9266668313352	38.5630208899005	67.3185210591717	33.8898368410592
ENSMUSG00000085385	1129.62577985364	1128.58681505336	1154.68824590071	1323.99705055325	1387.14079309251	1299.77491884533
ENSMUSG00000087113	68.011335757886	96.7897102002464	90.687843970284	161.173651411635	148.859264877323	147.520466249317
ENSMUSG00000087512	0	0	0	2.96638622230004	8.53333365538796	9.96759907089977
ENSMUSG00000089669	52.0711789396315	57.3220613807284	63.2705888164772	100.857131558201	118.518522991499	117.617669036617
ENSMUSG00000089961	6.37606272730181	10.3367651670166	12.6541177632954	82.0700188169677	52.1481501162597	70.7699534033884
ENSMUSG00000090231	1527.06702318878	1604.07801273612	1581.76472041193	5005.2823524276	5140.85945327928	4939.94209953793
ENSMUSG00000090891	29.7549593940751	25.3720599554044	41.1258827307102	185.893536597469	204.800007729311	177.423263462016
ENSMUSG00000091191	92.4529095458763	96.7897102002464	138.140785582642	218.523785042769	162.133339452371	163.468624762756
ENSMUSG00000092283	55.2592103032824	58.2617673050027	57.9980397484374	133.487380003502	184.888895866739	148.517226156407
ENSMUSG00000092300	208.284715758526	213.313244810252	293.153728183011	400.462140010505	310.992604329694	328.930769339693
ENSMUSG00000092386	910.714292882942	989.510338260771	961.712950010453	1429.79815914862	1297.06671561897	1373.53515196999
ENSMUSG00000092511	1506.87615788566	1568.3691876137	1567.00158302142	4967.70812694513	5108.62241502559	4905.05550278978
ENSMUSG00000092595	3078.57562016556	2923.42513041715	3183.56512728241	3562.62985298234	3466.42976045537	3494.64023425746
ENSMUSG00000094410	4418.61147002016	4363.05460640528	4505.92043354678	4784.78097656996	5203.43723341879	5339.64282228101
ENSMUSG00000096210	4033.92235213961	4054.83106324333	4422.61415827176	5448.26269495773	5248.00019806359	5342.63310200228
ENSMUSG00000096528	5.31338560608484	6.57794146991966	9.49058832247158	1806.52920938072	1969.30377802675	2019.43557176429
ENSMUSG00000096979	7628.95905321662	7359.77679891582	7296.15340035343	8724.14187978441	8577.89662003276	9050.579956377
ENSMUSG00000097412	5490.85268532808	5695.55760702615	5287.31220543028	5961.44751141564	6460.68172531261	6235.7299787549
ENSMUSG00000097417	462.264547729381	479.250021379861	470.311376869147	712.921488759442	640.000024154097	681.783776449545
ENSMUSG00000097566	2.12535424243394	0.939705924274237	1.05450981360795	33.6190438527337	34.1333346215518	34.8865967481492
ENSMUSG00000097788	103.079680758046	91.151474654601	121.268628564915	172.050400893402	161.185191268439	155.494545506037
ENSMUSG00000097815	484.580767274938	481.129433228409	407.04078805267	712.921488759442	930.133368437287	923.996433872409
ENSMUSG00000098445	5.31338560608484	6.57794146991966	9.49058832247158	30.6526576304337	32.2370382536878	28.9060373056093
ENSMUSG00000098609	278.421405758846	303.525013540578	281.554120233323	533.949520014007	548.977798496625	462.49659688975
ENSMUSG00000099041	450.575099395995	391.857370422357	412.31333712071	551.747837347807	522.429649346529	532.269790386048
ENSMUSG00000099881	187.031173334186	169.147066369363	147.631373905113	236.32210237657	246.518527822319	241.215897515775
ENSMUSG00000101645	4629.02154002111	4782.16344863159	4611.37141490758	5289.06663436097	5146.54834238287	5298.77566609032
ENSMUSG00000102049	1467.55710440063	1506.3485966116	1532.20275917236	1799.60764152869	1957.92599981957	1999.50037362249
ENSMUSG00000102055	102.017003636829	137.197064944039	107.560000988011	189.848718227202	186.785192234603	165.462144576936
ENSMUSG00000102577	52.0711789396315	71.417650244842	64.3250986300852	102.834722373068	123.259263911159	104.659790244448
ENSMUSG00000104653	64.8233043942351	48.8647080622603	48.5074514259658	176.005582523136	262.637046949163	171.442704019476
ENSMUSG00000104713	6.37606272730181	0	6.32705888164772	30.6526576304337	75.8518547145596	41.8639160977791
ENSMUSG00000105102	31.8803136365091	31.0102955010498	41.1258827307102	95.9131545210345	107.140744784315	113.630629408257
ENSMUSG00000105504	5.31338560608484	3.75882369709695	6.32705888164772	27.6862714081337	18.0148154947079	36.8801165623292
ENSMUSG00000106734	78.6381069700557	72.3573561691162	103.341961733579	165.128833041369	118.518522991499	156.491305413126
ENSMUSG00000106820	28.6922822728582	46.9852962137118	31.6352944082386	126.565812151468	146.014820325527	149.513986063497
ENSMUSG00000106874	82.8888154549235	88.3323568817783	80.1427458342044	121.621835114302	168.770376739895	160.478345041486
ENSMUSG00000107659	2669.44492849703	2744.88100480505	3032.77022393647	3639.75589476215	3580.20754252721	3510.5883927709
ENSMUSG00000108688	201.908653031224	174.785301915008	206.683923467159	347.067188009104	349.866679870906	354.846526924032
ENSMUSG00000109350	222.099518334346	237.745598841382	284.717649674147	520.10638430994	453.214831919494	518.315151686788
